0.0347616,8.750373,13.117455,9.195878,16.210580,1.25000859859113,-0.265474055377137
0.0644976,8.789998,13.088825,9.205190,16.200874,1.30579131807612,-0.482037013056889
0.0959776,8.819717,13.069738,9.186567,16.239700,1.27252327811667,-0.478956478168929
0.1458384,8.819717,13.136542,9.242437,16.249406,1.32327479878307,-0.505346170904815
0.1860384,8.710747,13.050651,9.158632,16.171754,1.04764390163072,-0.2287236690863
0.2181152,8.839530,13.088825,9.195878,16.191167,1.62986823536348,-0.619888498146608
0.2708224,8.819717,13.098369,9.223814,16.171754,1.54329847703551,-0.662239231025424
0.2983376,8.760279,13.079282,9.186567,16.152341,1.39736627320494,-0.444135762333456
0.32832,8.819717,13.146086,9.177255,16.210580,1.81024833158537,-0.364647973824379
0.3709776,8.789998,13.184260,9.158632,16.327059,1.43747150230105,0.0616925526943248
0.399752,8.829623,13.117455,9.214502,16.210580,1.56056848513136,-0.557711993077223
0.4408992,8.789998,13.117455,9.167943,16.171754,1.72819499354643,-0.371598573024503
0.4907616,8.789998,13.088825,9.195878,16.132928,1.63367441172229,-0.579067363125468
0.5207856,8.760279,13.060195,9.158632,16.181460,1.29821007080648,-0.342005915219129
0.5521712,8.809811,13.126999,9.251749,16.181460,1.47577142996911,-0.645552756175181
0.582256,8.750373,13.107912,9.177255,16.171754,1.44671608388498,-0.298357581792402
0.6234256,8.789998,13.031564,9.195878,16.142634,1.31029068221179,-0.666659948382915
0.662016,8.799904,13.117455,9.149320,16.229993,1.6086666875726,-0.238839331284229
0.7020064,8.819717,13.146086,9.167943,16.162047,2.05590102930382,-0.425738119506224
0.747032,8.710747,13.079282,9.093450,16.084395,1.83947133181209,-0.140554078502607
0.7759232,8.760279,13.088825,9.149320,16.103808,1.809516921155,-0.404219394790832
0.8106592,8.780092,13.117455,9.149320,16.259113,1.38784126945271,-0.126325211546728
0.8470768,8.839530,13.146086,9.251749,16.268820,1.34587500436318,-0.539011691150442
0.8783312,8.809811,13.136542,9.130697,16.239700,1.78884955891743,-0.160122307495133
0.9084512,8.799904,13.079282,9.251749,16.210580,1.06946005477336,-0.650184859894893
0.9498176,8.760279,13.050651,9.140008,16.142634,1.49546113129407,-0.375077718872653
0.979872,8.750373,13.088825,9.177255,16.229993,1.1056459670781,-0.226604678950437
1.0095536,8.829623,13.184260,9.242437,16.307646,1.3597689340085,-0.341409657465668
1.0407536,8.780092,13.174716,9.195878,16.239700,1.55403929178748,-0.196412457599454
1.098368,8.760279,13.079282,9.130697,16.171754,1.55237671205179,-0.240996202781194
1.1347536,8.780092,13.098369,9.056203,16.200874,1.93727131799846,0.0116164285890008
1.1769648,8.740466,13.165173,9.149320,16.220287,1.59226022568048,0.00860114911466425
1.2342704,8.789998,13.098369,9.195878,16.181460,1.47452470959549,-0.472332326289507
1.2657328,8.780092,13.136542,9.177255,16.142634,1.85752042897858,-0.388225440783323
1.3058736,8.839530,13.184260,9.223814,16.181460,2.02021715343717,-0.545904677972384
1.3383488,8.770185,13.193803,9.186567,16.249406,1.59738037390691,-0.086500334772186
1.3696048,8.789998,13.165173,9.177255,16.132928,2.08801378691206,-0.383142744035123
1.4121168,8.829623,13.136542,9.158632,16.249406,1.72637139362431,-0.285077937367866
1.4610256,8.780092,13.203346,9.195878,16.259113,1.61220920746885,-0.108825211186026
1.4907392,8.809811,13.165173,9.195878,16.210580,1.77628216734736,-0.355745993162973
1.5333664,8.799904,13.184260,9.149320,16.181460,2.14253581713174,-0.205426065142866
1.5745696,8.829623,13.184260,9.177255,16.171754,2.2105618310347,-0.395405741806719
1.603384,8.789998,13.146086,9.195878,16.171754,1.75018379947593,-0.402616723447693
1.6372592,8.849436,13.107912,9.214502,16.181460,1.73432754112888,-0.687678903749308
1.6745216,8.789998,13.222433,9.149320,16.191167,2.23967724756971,-0.0883660112041618
1.7297536,8.799904,13.136542,9.177255,16.171754,1.83104872694373,-0.394062709509516
1.7795328,8.839530,13.069738,9.149320,16.064982,2.27139131213752,-0.748406827351676
1.8067952,8.740466,13.126999,9.121385,16.200874,1.6056020692065,-0.0127927285787059
1.8382704,8.740466,13.088825,9.195878,16.152341,1.30718267098506,-0.395146992952785
1.8707232,8.770185,13.069738,9.205190,16.142634,1.36127829099568,-0.564928261739414
1.9195776,8.720654,13.079282,9.140008,16.171754,1.31725594995578,-0.14996792302404
1.9495808,8.730560,13.069738,9.149320,16.249406,0.9498781626374,-0.0828763089354716
1.9808176,8.760279,13.146086,9.186567,16.268820,1.23243636887386,-0.10849601995174
2.0232304,8.740466,13.117455,9.195878,16.210580,1.20123494929584,-0.235827718261934
2.0522336,8.740466,13.088825,9.121385,16.220287,1.33499236567036,-0.0471157955001331
2.0831984,8.780092,13.069738,9.102762,16.152341,1.80467491173932,-0.269793326259084
2.1158048,8.799904,13.126999,9.195878,16.278526,1.25291778199806,-0.271784280321107
2.1560032,8.819717,13.155629,9.279684,16.229993,1.34153205167452,-0.616703728319958
2.1860224,8.700841,13.126999,9.195878,16.210580,1.05300198829973,-0.0996603351909897
2.2169248,8.740466,13.165173,9.177255,16.152341,1.76221073630552,-0.199322208185201
2.2631008,8.829623,13.222433,9.167943,16.249406,2.10718262016434,-0.156175924225273
2.2996592,8.760279,13.212890,9.140008,16.210580,2.00446802022103,0.0464537054251615
2.32824,8.799904,13.184260,9.186567,16.162047,2.0667344148086,-0.352254025815508
2.3820592,8.859342,13.260607,9.167943,16.307646,2.19176780798013,-0.0694567692041836
2.4198208,8.799904,13.203346,9.149320,16.220287,2.0710445228153,-0.0996883605074146
2.4511008,8.750373,13.155629,9.112073,16.162047,2.00010867059119,-0.0332287975236696
2.4971296,8.809811,13.184260,9.074826,16.220287,2.34283947804664,0.0588572024499889
2.5321344,8.819717,13.251064,9.195878,16.191167,2.32710199420733,-0.263884386665914
2.5622,8.760279,13.222433,9.167943,16.200874,1.97382051801161,-0.0374740439385306
2.60336,8.799904,13.155629,9.177255,16.229993,1.67758795778407,-0.252542528748961
2.6347712,8.809811,13.174716,9.195878,16.210580,1.82303768523881,-0.338298001883249
2.6695968,8.799904,13.136542,9.158632,16.220287,1.70406937280664,-0.249527398691175
2.7058688,8.750373,13.155629,9.102762,16.171754,1.99842602539376,0.0124924526001919
2.7471088,8.720654,13.088825,9.121385,16.191167,1.36101327235069,-0.0409040681915478
2.7771552,8.809811,13.079282,9.140008,16.220287,1.55042710049873,-0.328301819136058
2.8082064,8.789998,13.184260,9.140008,16.249406,1.84498997933873,-0.0239294147798148
2.849784,8.809811,13.146086,9.214502,16.288233,1.27551401312142,-0.304294759689483
2.8797136,8.730560,13.069738,9.205190,16.171754,1.0422183436843,-0.392766351089918
2.9108112,8.681029,13.069738,9.121385,16.210580,0.988336737203134,0.0789260178710904
2.9426144,8.770185,13.136542,9.214502,16.288233,1.03419965984344,-0.203535585380891
2.985928,8.770185,13.136542,9.251749,16.268820,0.958966079303867,-0.350071643055877
3.024424,8.799904,13.117455,9.177255,16.200874,1.61369254743387,-0.37567479893988
3.0533536,8.740466,13.107912,9.158632,16.171754,1.47703721258204,-0.21284253749959
3.104768,8.799904,13.203346,9.158632,16.259113,1.86688843893244,-0.0567653063633635
3.1359792,8.789998,13.203346,9.195878,16.278526,1.57863473483657,-0.103043121601385
3.16592,8.849436,13.184260,9.195878,16.220287,2.02248884724577,-0.421215501733872
3.2170928,8.750373,13.193803,9.112073,16.210580,1.98101193521203,0.125119147735965
3.2467808,8.829623,13.193803,9.186567,16.132928,2.38274385529115,-0.476816645033828
3.2784672,8.839530,13.231977,9.130697,16.084395,3.06292880496093,-0.358539668994172
3.318296,8.869249,13.193803,9.140008,16.132928,2.77471355949046,-0.456130208028942
3.3482576,8.869249,13.327411,9.149320,16.249406,2.89028655662329,-0.0279752611241442
3.3794752,8.928686,13.413302,9.149320,16.346472,3.18251476689045,0.126100405981546
3.4133728,8.829623,13.317868,9.158632,16.327059,2.28309894891123,0.185612150457562
3.4632352,8.819717,13.251064,9.167943,16.288233,2.03419599382797,-0.00397774237045567
3.4933376,8.869249,13.231977,9.214502,16.220287,2.27320120091981,-0.448419095564166
3.5219776,8.829623,13.231977,9.251749,16.268820,1.71733289883938,-0.352888513078003
3.5833968,8.799904,13.136542,9.195878,16.239700,1.46396175956565,-0.325290787090704
3.6147792,8.879155,13.184260,9.288995,16.288233,1.48740811784702,-0.661851786577035
3.6773152,8.879155,13.136542,9.205190,16.229993,1.85392862128072,-0.606892581211756
3.716112,8.789998,13.174716,9.167943,16.249406,1.67980106414264,-0.124849103394865
3.7569504,8.819717,13.174716,9.195878,16.249406,1.70711474167233,-0.296921787686422
3.798272,8.879155,13.155629,9.242437,16.278526,1.58471037392223,-0.593853550356393
3.828288,8.829623,13.107912,9.270372,16.239700,1.15449472240898,-0.688091804478383
3.8595872,8.809811,13.107912,9.186567,16.249406,1.37036079630015,-0.361678996154701
3.8948112,8.750373,13.041108,9.177255,16.210580,0.952498085508665,-0.349704006219064
3.9332928,8.819717,13.165173,9.251749,16.249406,1.42424296511706,-0.480706490465245
3.9859664,8.869249,13.222433,9.270372,16.327059,1.54024956546019,-0.437078228327064
4.0333888,8.839530,13.298781,9.233125,16.375592,1.71980804833451,-0.0121130278911714
4.0633904,8.839530,13.241520,9.195878,16.268820,2.04824707684732,-0.198841802523287
4.0932672,8.809811,13.251064,9.177255,16.288233,1.94645797457065,-0.00220476839360018
4.1235712,8.829623,13.270150,9.195878,16.288233,2.05746022290331,-0.0820586945236954
4.1745488,8.879155,13.222433,9.261060,16.249406,1.95497785898766,-0.580286005669048
4.2045984,8.908874,13.231977,9.242437,16.220287,2.3479153702479,-0.648904628632298
4.2381024,8.889061,13.241520,9.279684,16.278526,1.89479840945305,-0.576906504402583
4.2983008,8.889061,13.203346,9.223814,16.278526,1.94454888962129,-0.480902271978358
4.3271328,8.898967,13.270150,9.233125,16.259113,2.3605660901651,-0.451573144216386
4.3595776,8.849436,13.270150,9.223814,16.278526,2.07696238334412,-0.241667301546059
4.4083936,8.819717,13.251064,9.242437,16.191167,2.12974037935513,-0.402516121766485
4.4398288,8.869249,13.241520,9.261060,16.249406,1.99970363507448,-0.516110058350353
4.473496,8.849436,13.146086,9.186567,16.249406,1.7518565118765,-0.410029030456293
4.5207472,8.829623,13.165173,9.205190,16.220287,1.79274827680811,-0.424828234401037
4.5507792,8.760279,13.126999,9.242437,16.229993,1.06656855751399,-0.381194143470921
4.5933392,8.839530,13.146086,9.242437,16.297939,1.26235581626677,-0.45815207203319
4.6348096,8.839530,13.136542,9.242437,16.259113,1.37938921767623,-0.546527993173157
4.667312,8.849436,13.136542,9.214502,16.229993,1.66905752838803,-0.54618115653448
4.7171552,8.770185,13.155629,9.195878,16.327059,1.04270523548785,-0.0424279188725585
4.7644272,8.819717,13.126999,9.195878,16.229993,1.55544400015825,-0.419618536080169
4.7957408,8.879155,13.174716,9.167943,16.307646,1.86955564428426,-0.284557528484441
4.8256816,8.859342,13.222433,9.261060,16.268820,1.77648012824896,-0.486137270246694
4.8784624,8.859342,13.231977,9.233125,16.229993,2.10500584243612,-0.456609593556799
4.9233312,8.908874,13.251064,9.186567,16.229993,2.6362437640694,-0.430636456673167
4.975968,8.859342,13.203346,9.270372,16.191167,1.97201597450026,-0.690443965683688
5.011152,8.859342,13.193803,9.205190,16.259113,1.91373083861188,-0.390095122991788
5.0396368,8.898967,13.184260,9.233125,16.191167,2.22990734360643,-0.73244916033617
5.0759184,8.809811,13.165173,9.251749,16.171754,1.70406973522276,-0.593341213785646
5.1120416,8.859342,13.136542,9.177255,16.181460,2.08122909945232,-0.553672708219846
5.1447696,8.869249,13.241520,9.279684,16.307646,1.67573252877585,-0.465251379143901
5.174376,8.849436,13.174716,9.233125,16.249406,1.69500787970535,-0.496261619698526
5.234296,8.869249,13.126999,9.177255,16.123221,2.33066659515267,-0.707694495260817
5.2743392,8.829623,13.231977,9.186567,16.220287,2.19827435498437,-0.247362873115591
5.3094464,8.869249,13.193803,9.205190,16.220287,2.12643766186394,-0.490442780556705
5.3548016,8.839530,13.098369,9.195878,16.142634,1.88277399560308,-0.691562317020985
5.3860576,8.819717,13.146086,9.167943,16.074688,2.42803661886471,-0.586201433357871
5.4200896,8.799904,13.088825,9.140008,15.997036,2.50094119683586,-0.692143543059522
5.4673776,8.889061,13.193803,9.158632,16.142634,2.7507135617864,-0.552941812112362
5.4984608,8.908874,13.231977,9.186567,16.142634,2.91438693466692,-0.625092410745363
5.5297248,8.889061,13.203346,9.233125,16.200874,2.23356195471937,-0.650343157365324
5.5721936,8.799904,13.126999,9.121385,16.152341,2.1045046113901,-0.279965620882681
5.611112,8.819717,13.174716,9.186567,16.220287,1.86987737513709,-0.322332647041538
5.6444448,8.750373,13.174716,9.177255,16.220287,1.56932436575883,-0.0873257140024926
5.6932352,8.809811,13.117455,9.223814,16.268820,1.17770302693574,-0.41979334379953
5.7244112,8.799904,13.060195,9.279684,16.317352,0.407771055564758,-0.572586067488867
5.7545616,8.819717,13.117455,9.261060,16.346472,0.742335919202358,-0.418306390565856
5.7973488,8.770185,13.079282,9.288995,16.336766,0.234789774090697,-0.441477715390619
5.8258224,8.789998,13.079282,9.233125,16.327059,0.607948025810678,-0.351828217710825
5.8558432,8.780092,13.050651,9.214502,16.317352,0.537506410186221,-0.336806356527035
5.893232,8.789998,13.088825,9.261060,16.365885,0.374247680238035,-0.346737819501751
5.9283648,8.819717,13.146086,9.288995,16.327059,0.846880044858626,-0.484463330973004
5.9699968,8.809811,13.098369,9.233125,16.327059,0.79917251429973,-0.375992530720517
6.0034384,8.819717,13.117455,9.233125,16.356179,0.818962927538461,-0.317548352142143
6.0507872,8.799904,13.165173,9.223814,16.288233,1.28121819674513,-0.267711722134866
6.0821904,8.829623,13.136542,9.205190,16.297939,1.32418413237431,-0.335278779526305
6.112104,8.829623,13.193803,9.158632,16.327059,1.67811206201422,-0.039234042125571
6.1619696,8.879155,13.222433,9.223814,16.365885,1.62104706316983,-0.257899977956964
6.2007008,8.869249,13.184260,9.288995,16.268820,1.52080449162918,-0.667956998491771
6.2355696,8.760279,13.193803,9.242437,16.249406,1.31259941927808,-0.223702001480312
6.2970352,8.819717,13.212890,9.195878,16.336766,1.52480374642864,-0.0684097376823161
6.3270256,8.819717,13.136542,9.279684,16.239700,1.20704335684865,-0.633874447534211
6.3570416,8.849436,13.146086,9.195878,16.385298,1.13902838543001,-0.19005198825668
6.4172848,8.819717,13.136542,9.307619,16.404712,0.396491817408887,-0.415658136497374
6.4508768,8.760279,13.060195,9.195878,16.307646,0.606332511814138,-0.22228148237626
6.4807488,8.799904,13.079282,9.195878,16.297939,0.936443830486915,-0.323501228509791
6.530848,8.720654,13.041108,9.205190,16.307646,0.27720169348304,-0.166482879041503
6.5706864,8.770185,13.041108,9.167943,16.268820,0.843097144107986,-0.274329881003119
6.6048064,8.789998,13.155629,9.261060,16.414418,0.498684976570896,-0.136911461685521
6.6521328,8.819717,13.117455,9.279684,16.365885,0.582631186083738,-0.438232352369702
6.683216,8.770185,13.203346,9.223814,16.385298,0.913909491038851,0.0666392741459809
6.723224,8.789998,13.126999,9.251749,16.317352,0.804941219670166,-0.337916391056357
6.7757408,8.799904,13.155629,9.195878,16.327059,1.18849615183719,-0.131105500130666
6.807296,8.799904,13.174716,9.205190,16.268820,1.48860460330925,-0.230199631062277
6.8546688,8.819717,13.155629,9.186567,16.278526,1.5298527231863,-0.250853368635244
6.9059216,8.898967,13.126999,9.205190,16.259113,1.78093261982538,-0.629941351552549
6.9360688,8.849436,13.251064,9.223814,16.297939,1.90203919348694,-0.241074477038122
6.9770096,8.869249,13.212890,9.214502,16.395005,1.44295224093885,-0.165374078137141
7.0171552,8.829623,13.231977,9.242437,16.385298,1.26618273243057,-0.113671411604951
7.0600128,8.799904,13.126999,9.270372,16.385298,0.489885579552219,-0.298983932982004
7.100024,8.809811,13.107912,9.233125,16.307646,0.927805006692843,-0.394015567629609
7.1297664,8.789998,13.079282,9.288995,16.375592,0.169433448232663,-0.429519253499066
7.1620512,8.770185,13.107912,9.344866,16.336766,0.141386191493261,-0.555223720118796
7.198408,8.710747,13.041108,9.205190,16.336766,0.10552854336364,-0.0836026713361697
7.2431168,8.760279,13.022021,9.242437,16.414418,-0.226742997617038,-0.236048305702845
7.2732544,8.789998,13.079282,9.251749,16.453244,0.000237191714010265,-0.177363072338657
7.3058752,8.799904,13.098369,9.288995,16.365885,0.352636707459698,-0.44184557772072
7.3460768,8.789998,13.136542,9.298307,16.443538,0.127392133710764,-0.229344554327042
7.3846912,8.770185,13.193803,9.316930,16.462951,0.152119989801275,-0.0868790358671845
7.4173536,8.829623,13.174716,9.223814,16.433831,0.860930433804754,-0.0741650623974479
7.4582432,8.789998,13.107912,9.261060,16.365885,0.468058393081172,-0.311943751467194
7.5108128,8.789998,13.184260,9.223814,16.365885,0.999077936287772,-0.0622088923599655
7.5397536,8.869249,13.155629,9.233125,16.385298,1.12598145960755,-0.34222179214019
7.5920352,8.829623,13.193803,9.279684,16.453244,0.638960557276565,-0.170244422335319
7.6207968,8.819717,13.146086,9.261060,16.404712,0.638235112512216,-0.260173078103506
7.6521744,8.809811,13.193803,9.242437,16.336766,1.18692751816465,-0.212155306193406
7.7134528,8.819717,13.136542,9.251749,16.356179,0.834262720354971,-0.338156730814465
7.743536,8.839530,13.107912,9.326242,16.375592,0.397204203938003,-0.634717158966087
7.7745296,8.898967,13.184260,9.326242,16.414418,0.898423702838297,-0.600720542480417
7.8307184,8.819717,13.088825,9.288995,16.327059,0.566015829030089,-0.58901204460571
7.8858,8.889061,13.031564,9.270372,16.307646,0.785236122842058,-0.87994788828868
7.9284512,8.849436,13.069738,9.223814,16.278526,1.09699933376013,-0.607357118354489
7.9572608,8.889061,13.107912,9.298307,16.297939,1.08274469273013,-0.840556100581281
7.9872048,8.859342,13.107912,9.261060,16.288233,1.13485059630708,-0.659822183683229
8.0210672,8.819717,13.031564,9.279684,16.307646,0.4051707257786,-0.701727795782404
8.0684528,8.839530,13.107912,9.177255,16.327059,1.22738780087171,-0.28067081566202
8.1097808,8.908874,13.165173,9.298307,16.414418,0.970531911628484,-0.582187503417849
8.159576,8.839530,13.146086,9.288995,16.327059,0.943903945471469,-0.543244730372635
8.2007936,8.809811,13.136542,9.307619,16.424125,0.266757537397972,-0.350997104391386
8.231944,8.839530,13.155629,9.261060,16.395005,0.822648358614131,-0.319282900206623
8.265608,8.898967,13.107912,9.279684,16.404712,0.761217057888643,-0.619742477005502
8.3046912,8.849436,13.069738,9.288995,16.365885,0.455268283671167,-0.641123112802681
8.3346512,8.859342,13.174716,9.261060,16.385298,1.05353527154157,-0.360997392428914
8.3623456,8.789998,13.155629,9.242437,16.317352,0.984628403020068,-0.257998015654223
8.4159248,8.839530,13.107912,9.298307,16.385298,0.473530900168949,-0.534263148907826
8.446056,8.770185,13.126999,9.270372,16.375592,0.384685005335648,-0.228265216109371
8.4745376,8.819717,13.098369,9.270372,16.327059,0.691127792954912,-0.516250659885035
8.517168,8.819717,13.174716,9.251749,16.375592,0.939652540970773,-0.233403787518462
8.547312,8.869249,13.136542,9.298307,16.317352,1.04428104888865,-0.694046788568855
8.5770064,8.770185,13.060195,9.205190,16.220287,0.984991459369859,-0.439748749333443
8.6083152,8.799904,13.012478,9.205190,16.181460,1.0606991496704,-0.687723601272442
8.6684144,8.908874,13.098369,9.270372,16.307646,1.20966287272154,-0.816211678319792
8.698416,8.799904,13.126999,9.223814,16.307646,1.01211902633105,-0.301927705857619
8.7323408,8.889061,13.079282,9.261060,16.288233,1.14018454758453,-0.800428209813141
8.8009184,8.819717,13.193803,9.242437,16.336766,1.23537780851727,-0.241608211575361
8.8307488,8.849436,13.174716,9.233125,16.327059,1.36742274755469,-0.354639242283877
8.8782496,8.879155,13.146086,9.261060,16.327059,1.25515776680522,-0.577904983355982
8.9132928,8.879155,13.165173,9.233125,16.336766,1.42512141899767,-0.4425722857798
8.9431296,8.859342,13.136542,9.270372,16.395005,0.787149893213417,-0.440367224430847
8.9947136,8.829623,13.184260,9.261060,16.385298,0.954943232723974,-0.255506193185528
9.02588,8.780092,13.079282,9.205190,16.249406,1.00464252920314,-0.380963766135331
9.055976,8.809811,13.146086,9.223814,16.365885,0.909114927151965,-0.190564911171258
9.1134624,8.789998,13.079282,9.242437,16.356179,0.446303705024071,-0.326408562013267
9.1471056,8.819717,13.126999,9.279684,16.375592,0.588712629693653,-0.403160767319054
9.1820336,8.750373,13.031564,9.261060,16.327059,0.0599548540119166,-0.404217256978267
9.2146368,8.750373,13.098369,9.270372,16.356179,0.227901846709557,-0.256771897309072
9.2498128,8.879155,13.212890,9.288995,16.356179,1.34140705626951,-0.48594546497333
9.2805344,8.799904,13.107912,9.242437,16.327059,0.758195295940283,-0.356802048544655
9.3106704,8.819717,13.012478,9.177255,16.268820,0.906785160394474,-0.502785102166371
9.3645968,8.750373,13.031564,9.242437,16.297939,0.26082950039233,-0.401952249974439
9.4147472,8.839530,13.069738,9.261060,16.365885,0.523845603892866,-0.528822930990522
9.4473904,8.879155,13.174716,9.363489,16.395005,0.680753017706891,-0.704797212414405
9.486128,8.819717,13.155629,9.214502,16.317352,1.24798803639346,-0.263309544596201
9.5161136,8.799904,13.146086,9.205190,16.375592,0.898054086914748,-0.0879495271196937
9.5500352,8.859342,13.222433,9.261060,16.385298,1.28638405022238,-0.274368444053181
9.6083472,8.859342,13.231977,9.251749,16.356179,1.49434235366421,-0.282283449443341
9.6394832,8.809811,13.155629,9.223814,16.297939,1.24204887384738,-0.296921145658644
9.6820576,8.780092,13.174716,9.251749,16.336766,0.908760919183731,-0.186145074581788
9.7197936,8.869249,13.184260,9.261060,16.327059,1.39322711032813,-0.478955564200199
9.7511008,8.859342,13.165173,9.242437,16.317352,1.37085958306672,-0.44678051912981
9.7823424,8.829623,13.107912,9.233125,16.278526,1.14783040111142,-0.506220545767025
9.8322624,8.849436,13.117455,9.233125,16.317352,1.12808202327045,-0.47674623020276
9.8633232,8.859342,13.155629,9.251749,16.278526,1.4485857912109,-0.562685871260644
9.8931984,8.869249,13.136542,9.242437,16.288233,1.4020169903746,-0.581589571733904
9.9358864,8.770185,13.184260,9.223814,16.365885,0.902000065652462,-0.00318040822802246
9.964528,8.879155,13.155629,9.233125,16.346472,1.33764759954309,-0.442275136200966
10.0061968,8.789998,13.136542,9.186567,16.191167,1.66045925991166,-0.35671304531256
10.061176,8.789998,13.079282,9.205190,16.268820,0.971356056440349,-0.374997942141711
10.0970048,8.849436,13.088825,9.195878,16.268820,1.34968805765726,-0.507007318256107
10.12836,8.879155,13.146086,9.279684,16.365885,1.01377029157718,-0.562292172183845
10.1683664,8.829623,13.184260,9.223814,16.336766,1.31555389808152,-0.233044361832508
10.2023504,8.829623,13.146086,9.233125,16.278526,1.33497810807728,-0.436449260433143
10.2307792,8.819717,13.165173,9.223814,16.375592,1.0103227552828,-0.167699111399919
10.2619344,8.839530,13.155629,9.251749,16.336766,1.1063850614348,-0.397615247199024
10.3020464,8.839530,13.146086,9.167943,16.278526,1.65892560051398,-0.271811942880941
10.3322064,8.780092,13.155629,9.223814,16.365885,0.810181889539432,-0.0847020986658649
10.3732688,8.819717,13.136542,9.233125,16.336766,0.994231191957692,-0.31814289631739
10.4322928,8.819717,13.165173,9.279684,16.433831,0.531729244394803,-0.227931573673835
10.4648704,8.760279,13.212890,9.223814,16.356179,1.03457779450983,0.0606799694248537
10.4959152,8.740466,13.126999,9.205190,16.297939,0.839478412385549,-0.0866427609646614
10.5548064,8.809811,13.184260,9.195878,16.317352,1.41822164173039,-0.126204723420255
10.5872256,8.799904,13.126999,9.205190,16.259113,1.29561118718602,-0.33503321640244
10.618456,8.819717,13.146086,9.195878,16.278526,1.44372690833861,-0.296028568593901
10.6634432,8.799904,13.184260,9.214502,16.336766,1.20935665316098,-0.116877933457673
10.7081088,8.849436,13.088825,9.223814,16.259113,1.27265745154164,-0.607954972434595
10.7459312,8.740466,13.107912,9.149320,16.288233,1.02258280641468,0.0280979697655219
10.7907408,8.789998,13.107912,9.242437,16.297939,0.832145317940526,-0.380469756451582
10.8197008,8.819717,13.126999,9.186567,16.288233,1.34847276257429,-0.285386967907748
10.8545088,8.829623,13.136542,9.279684,16.346472,0.806230623589677,-0.46823299295545
10.903256,8.829623,13.203346,9.251749,16.365885,1.16883772154095,-0.228455855644643
10.933304,8.809811,13.184260,9.288995,16.414418,0.61892398795165,-0.226759547944397
10.9673744,8.829623,13.136542,9.223814,16.356179,1.0002697716551,-0.284549904988811
11.0147104,8.789998,13.117455,9.261060,16.356179,0.555694008556227,-0.312241013434019
11.0559472,8.799904,13.165173,9.205190,16.356179,1.07332180363712,-0.0885424914136266
11.091112,8.819717,13.155629,9.205190,16.414418,0.878695719395832,-0.0591224541156379
11.1384848,8.809811,13.117455,9.233125,16.395005,0.607220956373219,-0.217385912107336
11.1682064,8.839530,13.136542,9.233125,16.336766,1.091307368273,-0.377062473218139
11.2082064,8.789998,13.098369,9.223814,16.297939,0.863732989584964,-0.342398529099889
11.2494992,8.879155,13.098369,9.214502,16.249406,1.54552806408812,-0.6689507181256
11.2820848,8.799904,13.098369,9.233125,16.239700,1.11895461760059,-0.506256666577389
11.325616,8.839530,13.117455,9.195878,16.210580,1.68805332812984,-0.531733027405608
11.3634752,8.879155,13.098369,9.270372,16.297939,1.10506508999458,-0.745925848257759
11.3947472,8.789998,13.002934,9.186567,16.220287,0.879078591134828,-0.548522184098942
11.4252592,8.760279,13.088825,9.158632,16.191167,1.39813652385544,-0.271641617138567
11.4685712,8.789998,13.060195,9.195878,16.181460,1.28661144927633,-0.542460076174077
11.4973504,8.789998,13.203346,9.223814,16.365885,1.09252329463934,-0.0275715051809051
11.5373936,8.799904,13.146086,9.251749,16.336766,0.865530554775976,-0.297217653962871
11.579808,8.809811,13.146086,9.261060,16.453244,0.386453518962234,-0.142663830185644
11.6209328,8.780092,13.203346,9.223814,16.492071,0.51471291845489,0.230195610176203
11.6698624,8.819717,13.241520,9.279684,16.521190,0.539805587396856,0.067985236349525
11.7197968,8.799904,13.184260,9.251749,16.424125,0.685798808236751,-0.0691592897558131
11.750752,8.839530,13.165173,9.233125,16.346472,1.19059118664568,-0.307239828788624
11.7823072,8.859342,13.069738,9.242437,16.346472,0.780922520528542,-0.567824700138019
11.8245824,8.849436,13.088825,9.279684,16.278526,0.955149238937,-0.738419296958192
11.8533648,8.799904,13.174716,9.214502,16.297939,1.32631280586055,-0.204888669298573
11.8833168,8.770185,13.126999,9.233125,16.346472,0.663461253060493,-0.170331733276033
11.9182592,8.780092,13.193803,9.242437,16.288233,1.24587234716792,-0.212004982192603
11.972312,8.770185,13.184260,9.279684,16.346472,0.748798042865545,-0.204785330558266
12.0057808,8.780092,13.155629,9.270372,16.288233,0.941024793702262,-0.36475673030381
12.0445584,8.789998,13.241520,9.242437,16.317352,1.40508557256306,-0.101803487440808
12.087224,8.829623,13.184260,9.261060,16.365885,1.03644083506589,-0.290771698496368
12.1197984,8.829623,13.136542,9.186567,16.239700,1.64914916583418,-0.386172202018802
12.1495696,8.789998,13.098369,9.251749,16.259113,0.909667056648523,-0.496677524853375
12.2021216,8.859342,13.022021,9.233125,16.259113,0.953820970466236,-0.787733013462343
12.2318496,8.809811,13.012478,9.205190,16.297939,0.616944664558037,-0.503176288075412
12.2833056,8.799904,13.069738,9.251749,16.365885,0.368193749697873,-0.38332956318742
12.3233168,8.730560,12.974304,9.233125,16.288233,-0.0402996043050123,-0.43773335268386
12.353328,8.710747,12.964760,9.242437,16.327059,-0.388460279047806,-0.352579683668203
12.3973728,8.740466,13.002934,9.270372,16.346472,-0.251124423438714,-0.419314949158487
12.4459184,8.740466,13.012478,9.233125,16.288233,0.197684755730407,-0.397306939678497
12.4758608,8.720654,13.031564,9.186567,16.239700,0.595674001042617,-0.25260762561788
12.5180864,8.780092,13.050651,9.195878,16.336766,0.534178501191384,-0.245711853266421
12.557344,8.809811,13.117455,9.298307,16.443538,0.130952140081302,-0.322790595775018
12.597152,8.710747,13.136542,9.195878,16.336766,0.615697465043791,0.118204384105645
12.6483584,8.839530,13.069738,9.233125,16.327059,0.80451957802552,-0.516747788001435
12.6800224,8.799904,13.126999,9.205190,16.327059,1.0087899346263,-0.211017597676278
12.7109184,8.819717,13.060195,9.251749,16.307646,0.663569560517224,-0.566193014017269
12.7522288,8.740466,13.079282,9.177255,16.259113,0.886474654681852,-0.161105623222713
12.7922272,8.760279,13.079282,9.186567,16.229993,1.06799500526116,-0.301615407317772
12.8209168,8.760279,13.060195,9.205190,16.200874,1.01834802191141,-0.445765817072051
12.852376,8.789998,13.165173,9.261060,16.220287,1.36227158751367,-0.473212851746698
12.902128,8.760279,13.079282,9.186567,16.239700,1.0268996918878,-0.283833289624219
12.9546048,8.849436,13.203346,9.195878,16.404712,1.33723141927791,-0.0509100106636033
12.988464,8.889061,13.174716,9.177255,16.327059,1.79656348343135,-0.30636448698451
13.0248432,8.809811,13.117455,9.158632,16.278526,1.41221173825296,-0.207580638946187
13.0549664,8.839530,13.212890,9.223814,16.375592,1.34044151250028,-0.139976233289602
13.0861936,8.789998,13.174716,9.242437,16.375592,0.833252547999852,-0.117353158460677
13.1473344,8.770185,13.136542,9.167943,16.346472,0.984915541739948,0.0416215559369704
13.1772576,8.789998,13.165173,9.205190,16.297939,1.27028898343877,-0.164978884721037
13.2094544,8.839530,13.107912,9.223814,16.229993,1.44078240049572,-0.596857967757455
13.259704,8.809811,13.165173,9.233125,16.307646,1.2086239663381,-0.289556396180839
13.2997648,8.829623,13.136542,9.121385,16.278526,1.76081956346331,-0.120642094197972
13.3332736,8.879155,13.193803,9.195878,16.356179,1.63997743264397,-0.24459514206881
13.3708128,8.849436,13.212890,9.251749,16.317352,1.51631045669645,-0.358126212654138
13.4039472,8.809811,13.136542,9.223814,16.200874,1.55868024927587,-0.509224730308272
13.4320256,8.819717,13.050651,9.140008,16.181460,1.62325305940394,-0.481790700494695
13.473456,8.789998,13.079282,9.214502,16.220287,1.13719476646237,-0.491733829488624
13.5055216,8.869249,13.193803,9.214502,16.336766,1.59497203328135,-0.305775242368231
13.5362192,8.789998,13.174716,9.195878,16.375592,1.02901901124767,0.0213293545645072
13.5700992,8.869249,13.126999,9.205190,16.307646,1.43054465005926,-0.452897674796954
13.6173104,8.819717,13.193803,9.177255,16.327059,1.55101986722593,-0.0652237133978026
13.6485328,8.740466,13.241520,9.205190,16.356179,1.15615041200085,0.227220468857492
13.6788256,8.819717,13.279694,9.177255,16.424125,1.56130341831358,0.265983874006761
13.7308128,8.849436,13.155629,9.205190,16.317352,1.43274147674009,-0.324044417196113
13.7609936,8.799904,13.165173,9.205190,16.414418,0.828395645206761,0.0171745005481156
13.7912576,8.809811,13.126999,9.251749,16.385298,0.616610390083128,-0.273072461516545
13.8350832,8.760279,13.088825,9.195878,16.259113,0.95240149648027,-0.258679405986076
13.8662112,8.799904,13.050651,9.233125,16.307646,0.597538396010609,-0.469208945580611
13.904496,8.859342,13.107912,9.233125,16.327059,1.08897831294442,-0.505886632148158
13.9545904,8.780092,13.117455,9.242437,16.317352,0.748600283261748,-0.298086417382446
13.9961264,8.789998,13.060195,9.195878,16.336766,0.629993607659983,-0.257859376957867
14.0291584,8.799904,13.107912,9.205190,16.365885,0.751548328136035,-0.175055598619274
14.0789024,8.750373,13.069738,9.195878,16.346472,0.440877245745416,-0.104337587230063
14.1085504,8.740466,13.041108,9.177255,16.356179,0.288280780876384,-0.0535045315405043
14.1398368,8.760279,13.041108,9.233125,16.356179,0.150971658509096,-0.279733000076199
14.1786032,8.789998,13.050651,9.223814,16.346472,0.42449674409313,-0.340908129077622
14.2368528,8.770185,13.050651,9.223814,16.317352,0.449445124941494,-0.335031408455635
14.272136,8.720654,13.146086,9.223814,16.317352,0.675538043614416,-0.0129452197617574
14.3120048,8.760279,13.088825,9.279684,16.356179,0.190611168636188,-0.331414977864963
14.3468736,8.879155,13.155629,9.214502,16.385298,1.25266111762172,-0.316351266826153
14.3845792,8.770185,13.079282,9.195878,16.249406,0.995235715482515,-0.323534465664686
14.4232464,8.809811,13.146086,9.195878,16.317352,1.23121949382839,-0.195697206882919
14.4534192,8.809811,13.155629,9.251749,16.385298,0.756951208202739,-0.221010779675602
14.485848,8.829623,13.193803,9.242437,16.346472,1.24296770201124,-0.253402384980852
14.5270304,8.839530,13.193803,9.242437,16.327059,1.37307616433531,-0.318133252606405
14.5747488,8.789998,13.146086,9.223814,16.356179,0.852788625543845,-0.149220860048569
14.6096208,8.839530,13.146086,9.233125,16.317352,1.21979053196465,-0.395056310956356
14.6561904,8.829623,13.136542,9.251749,16.346472,0.923604986763738,-0.385278897377617
14.68732,8.789998,13.022021,9.177255,16.288233,0.725228219348264,-0.360862353145428
14.7184656,8.809811,13.069738,9.177255,16.239700,1.26322566092486,-0.421569122308966
14.7499232,8.760279,13.060195,9.233125,16.288233,0.53112429270109,-0.36907501338905
14.80076,8.760279,13.088825,9.195878,16.327059,0.665545086518684,-0.134545254209065
14.8296688,8.859342,13.079282,9.279684,16.346472,0.671228872323677,-0.66092446773683
14.8599616,8.750373,13.107912,9.223814,16.259113,0.879572309523983,-0.277655033269767
14.9106448,8.849436,13.041108,9.205190,16.307646,0.912042760634915,-0.551024090922457
14.9408,8.780092,13.155629,9.279684,16.365885,0.575511919378418,-0.251001693651897
14.9795216,8.770185,13.184260,9.223814,16.356179,0.942829259461025,-0.0208011012526477
15.0248672,8.829623,13.088825,9.261060,16.433831,0.284063647035406,-0.340755704111817
