0.0419168,10.524129,11.482236,11.422039,14.328824,2.35513851314575,0.213129007001509
0.0743728,10.534034,11.386785,11.468607,14.260878,2.02549708583185,-0.292195926155964
0.1040832,10.484509,11.444056,11.440666,14.280291,2.099152634614,0.0767476229166277
0.1380656,10.484509,11.386785,11.477921,14.260878,1.74331973396823,-0.188545794025568
0.1755456,10.454793,11.386785,11.449980,14.251171,1.75452370708993,-0.0610675792294302
0.2163856,10.474603,11.415420,11.496548,14.241464,1.83866038134173,-0.190673728956545
0.2464304,10.494414,11.482236,11.440666,14.280291,2.33478558119236,0.135164547607443
0.2979072,10.425078,11.424965,11.468607,14.357944,1.27286975331629,0.28691091991819
0.3293248,10.454793,11.339059,11.505862,14.328824,0.962250198503096,-0.139318100189103
0.3593536,10.484509,11.415420,11.533803,14.309411,1.44869421566672,-0.162308809561472
0.4092496,10.504319,11.358149,11.533803,14.319118,1.22427912727139,-0.318129716268494
0.4418704,10.415173,11.319968,11.552430,14.338531,0.438606628478695,-0.17795669121989
0.4704224,10.335933,11.262697,11.487235,14.357944,-0.0480045995256013,0.112080087956489
0.5041392,10.425078,11.291333,11.561744,14.377357,0.146470462359847,-0.205004521311576
0.554248,10.405268,11.300878,11.598999,14.377357,-0.0584313097990616,-0.228875780024369
0.5830544,10.425078,11.272243,11.580371,14.416184,-0.185560955882291,-0.209438542203358
0.6192288,10.395363,11.291333,11.617626,14.416184,-0.391891739614053,-0.186757046731062
0.6540592,10.434983,11.281788,11.580371,14.474424,-0.329616732573406,-0.0856328326307789
0.6854192,10.385458,11.300878,11.617626,14.445304,-0.51367733957084,-0.0761131562216963
0.7154064,10.425078,11.310423,11.598999,14.455011,-0.233819862176894,-0.0877922203072554
0.756768,10.335933,11.262697,11.636253,14.503544,-1.26454350357758,0.0476022923286727
0.789256,10.415173,11.310423,11.598999,14.484130,-0.402680030501369,0.00167594233437818
0.8179776,10.405268,11.300878,11.626940,14.474424,-0.573839352567415,-0.0870097059344541
0.8518112,10.385458,11.339059,11.617626,14.474424,-0.444723088267626,0.071760957058606
0.8914304,10.355743,11.186336,11.598999,14.425891,-1.07317035871357,-0.247045694710325
0.9213488,10.375553,11.281788,11.682822,14.377357,-0.645953851347628,-0.410196311111594
0.9516064,10.395363,11.243607,11.626940,14.425891,-0.706760749933288,-0.294586730685298
1.0189904,10.434983,11.319968,11.571058,14.377357,0.298360105517553,-0.191336117668866
1.059224,10.444888,11.329514,11.608312,14.435597,-0.000185969139071318,-0.163369371162831
1.1068112,10.316122,11.339059,11.505862,14.377357,0.0748553437273181,0.326433522506605
1.1342608,10.375553,11.329514,11.571058,14.406477,-0.0686461818120279,0.0470330121191171
1.1842,10.256692,11.205426,11.384785,14.357944,-0.302319924224541,0.458746083417903
1.2252848,10.236882,11.262697,11.487235,14.425891,-0.823274016185376,0.519597200407652
1.2567232,10.286407,11.319968,11.468607,14.503544,-0.535660924222782,0.73562577518106
1.2867776,10.256692,11.310423,11.552430,14.455011,-0.876577846850445,0.467614627039316
1.321808,10.345838,11.348604,11.524489,14.455011,-0.129343472251115,0.392795429426281
1.3679344,10.306217,11.415420,11.533803,14.406477,0.167433728708449,0.51138684093389
1.4029264,10.415173,11.424965,11.552430,14.503544,0.273821586550625,0.414902602248988
1.4303632,10.405268,11.415420,11.505862,14.387064,0.852506657053929,0.284785433098966
1.497704,10.217072,11.310423,11.300962,14.270584,0.74096750500458,0.821498192023325
1.5317824,10.365648,11.558598,11.449980,14.532664,0.989596384515206,1.16171317072985
1.5680752,10.464698,11.549052,11.496548,14.464717,1.51603309838804,0.617101412672632
1.6031008,10.375553,11.482236,11.496548,14.425891,0.912650514059035,0.616998587789686
1.6328992,10.494414,11.520417,11.487235,14.425891,1.72087736749573,0.417567178923264
1.6631168,10.474603,11.501327,11.496548,14.416184,1.53234005211642,0.381740077602755
1.7031872,10.494414,11.482236,11.394098,14.357944,2.20485184740421,0.425909689270922
1.7341584,10.425078,11.415420,11.356844,14.280291,2.01742096701878,0.384867389859469
1.764176,10.494414,11.434510,11.440666,14.289998,2.06033331614081,0.0515214831488144
1.8080816,10.444888,11.482236,11.477921,14.289998,1.89589460514485,0.188186185916509
1.8564736,10.494414,11.529962,11.496548,14.348237,2.05150139398006,0.244770690636628
1.8863952,10.444888,11.434510,11.375471,14.144398,2.7020991366098,0.0270362556331136
1.923952,10.375553,11.434510,11.319589,14.154105,2.55543364017289,0.374418156472116
1.9778304,10.474603,11.463146,11.375471,14.192931,2.78425191916523,0.120571594714493
2.0092688,10.494414,11.444056,11.412726,14.163811,2.75354956573454,-0.133710649361921
2.0491088,10.484509,11.444056,11.422039,14.192931,2.54337568899854,-0.0677965653540014
2.0801856,10.464698,11.444056,11.431353,14.241464,2.20344950552549,0.0664812617478585
2.1116464,10.425078,11.434510,11.412726,14.231758,2.08056898288494,0.174875001539251
2.1441792,10.425078,11.501327,11.394098,14.309411,2.16155463186796,0.540965038649786
2.182808,10.434983,11.424965,11.375471,14.299704,1.95368939479032,0.374523470720721
2.2130496,10.434983,11.415420,11.412726,14.280291,1.83201068659116,0.214119154707049
2.24532,10.405268,11.367694,11.459294,14.319118,1.09355065672595,0.150836906872101
2.2853664,10.395363,11.405875,11.477921,14.280291,1.31731459819379,0.126825302190273
2.3268544,10.464698,11.405875,11.505862,14.357944,1.2188737849526,0.0464677440092025
2.3567984,10.415173,11.434510,11.496548,14.348237,1.19523210854454,0.239930055546328
2.3966192,10.474603,11.424965,11.449980,14.251171,2.03969237872587,-0.0279770846851388
2.4490864,10.474603,11.453601,11.440666,14.289998,2.05680266993951,0.144708254480426
2.4777888,10.415173,11.424965,11.431353,14.289998,1.66295603366395,0.259593494164568
2.5191296,10.504319,11.444056,11.440666,14.348237,1.91251898635378,0.174991418363399
2.5591648,10.474603,11.367694,11.505862,14.367651,1.03948956131613,-0.0417000232510212
2.5918448,10.444888,11.367694,11.440666,14.270584,1.56943388743085,-0.0106318683418518
2.6218384,10.474603,11.377239,11.440666,14.260878,1.80340779812528,-0.0878499832786339
2.6618176,10.434983,11.405875,11.477921,14.348237,1.22930740009366,0.173945690477026
2.6941744,10.454793,11.434510,11.505862,14.299704,1.55325979007374,0.00688697891378531
2.7228144,10.454793,11.424965,11.477921,14.251171,1.82549844738494,-0.0489809610277856
2.7631424,10.464698,11.396330,11.449980,14.328824,1.52584386971319,0.105645863875825
2.8240048,10.454793,11.386785,11.477921,14.299704,1.43506070972359,-0.0261457554886064
2.8641808,10.464698,11.386785,11.440666,14.309411,1.59877096397444,0.0659301588377126
2.9076176,10.415173,11.358149,11.477921,14.338531,0.936845253813861,0.0987331013588388
2.9364032,10.345838,11.329514,11.515176,14.328824,0.337717454487965,0.0972149419565937
2.9691232,10.444888,11.281788,11.598999,14.387064,0.00296710550393087,-0.351527299322409
3.0191072,10.444888,11.348604,11.598999,14.377357,0.372885717305397,-0.225593229938045
3.060624,10.385458,11.262697,11.543117,14.387064,-0.154645082739169,-0.0965081564229759
3.114104,10.385458,11.300878,11.477921,14.377357,0.345273471519015,0.134989095617996
3.1517552,10.474603,11.339059,11.496548,14.289998,1.26037671917402,-0.252163057788582
3.1792368,10.425078,11.339059,11.524489,14.289998,0.899679489912035,-0.196472012282394
3.2132048,10.444888,11.396330,11.440666,14.231758,1.87302111398943,-0.0331526091659953
3.2554432,10.454793,11.434510,11.412726,14.280291,2.0233136178833,0.204851377957098
3.2906368,10.425078,11.386785,11.477921,14.173518,1.81632623692173,-0.228337810526126
3.324312,10.474603,11.434510,11.403412,14.251171,2.28165032078709,0.113508458843034
3.361872,10.454793,11.472691,11.449980,14.251171,2.17671974016368,0.128405401931959
3.4029552,10.504319,11.482236,11.431353,14.328824,2.21934957838543,0.240218507682295
3.4355488,10.504319,11.482236,11.459294,14.299704,2.2242729591707,0.104205116016907
3.4853552,10.504319,11.558598,11.394098,14.328824,2.74810464153701,0.503693420735384
3.5141168,10.543939,11.463146,11.431353,14.241464,2.68526081175324,-0.096058461818334
3.5454784,10.484509,11.549052,11.477921,14.319118,2.29526974876921,0.296333954391576
3.5852864,10.484509,11.424965,11.384785,14.338531,1.99561347343422,0.307380281172872
3.6167744,10.405268,11.424965,11.515176,14.338531,1.06241476802108,0.175094437585946
3.6478464,10.454793,11.405875,11.496548,14.377357,1.12821641213083,0.138692012785961
3.6780608,10.405268,11.300878,11.515176,14.396771,0.20818734292197,0.0301578861715477
3.7340384,10.415173,11.310423,11.459294,14.357944,0.697772727189861,0.0845053469636188
3.7690336,10.444888,11.291333,11.505862,14.377357,0.476069921239453,-0.111977454826
3.8051728,10.434983,11.329514,11.487235,14.289998,1.0566690721183,-0.146937138404649
3.8504304,10.524129,11.463146,11.459294,14.289998,2.26833970565721,-0.0101574699313378
3.8815472,10.603369,11.434510,11.412726,14.222051,2.99533955782019,-0.307175328362456
3.9139872,10.484509,11.510872,11.356844,14.134691,3.39074627728264,0.119969890308115
3.9616928,10.583559,11.529962,11.282334,14.027918,4.73645743392533,-0.13764139358983
3.99292,10.662800,11.615869,11.310275,14.105571,5.08962868867494,-0.053265276316715
4.0217168,10.633084,11.644504,11.338216,14.095865,5.00710810480264,-0.00701969906448596
4.0729376,10.603369,11.682685,11.217139,14.066745,5.68653902672681,0.402896429145256
4.113104,10.603369,11.711320,11.291648,14.173518,5.05480864469244,0.506832004106498
4.1456,10.662800,11.692230,11.319589,14.154105,5.21339498740287,0.197082111236266
4.1953264,10.603369,11.634959,11.300962,14.183225,4.60494366331963,0.336796264033246
4.225352,10.524129,11.654049,11.356844,14.260878,3.75022085503525,0.608901627753866
4.2568496,10.593464,11.596778,11.300962,14.251171,4.08489163224078,0.427633710861169
4.2977296,10.573654,11.606323,11.338216,14.192931,4.12355170538756,0.275785298379754
4.3281232,10.514224,11.596778,11.328903,14.202638,3.78643286583957,0.454034667500718
4.3718832,10.494414,11.577688,11.347530,14.260878,3.27315093370612,0.542927735070833
4.4127808,10.593464,11.501327,11.422039,14.260878,3.0710002438611,-0.0728365790345276
4.450432,10.514224,11.482236,11.394098,14.319118,2.4641112137919,0.289562183916296
4.5018608,10.494414,11.520417,11.412726,14.309411,2.51661121965471,0.355067160791187
4.5555056,10.504319,11.434510,11.477921,14.357944,1.67009060594986,0.0792841353405418
4.5878128,10.444888,11.453601,11.496548,14.280291,1.71813755493396,0.0557670668282828
4.6268128,10.405268,11.367694,11.431353,14.319118,1.21011780122882,0.223249782234682
4.6753504,10.375553,11.348604,11.431353,14.377357,0.726150122416747,0.386577666801287
4.7052528,10.375553,11.339059,11.515176,14.377357,0.330572457659567,0.148333653107199
4.7378656,10.355743,11.377239,11.561744,14.367651,0.268596224451624,0.141821698128044
4.7879456,10.335933,11.348604,11.468607,14.425891,0.173554899154581,0.499411523594574
4.8304848,10.335933,11.396330,11.468607,14.493837,0.128227486978719,0.752822492380805
4.8691344,10.296312,11.367694,11.515176,14.493837,-0.401964383115086,0.67217445366134
4.9191376,10.187357,11.424965,11.515176,14.571490,-0.978270686854867,1.24977158740224
4.9504192,10.266597,11.405875,11.505862,14.542370,-0.521772505346711,0.962883667220634
4.9929792,10.187357,11.300878,11.571058,14.629730,-2.06394230798741,0.960923876992911
5.0429008,10.226977,11.329514,11.552430,14.736503,-2.08400909064557,1.20093637120068
5.081592,10.236882,11.339059,11.524489,14.794743,-2.11080495928302,1.39459826039677
5.1341104,10.217072,11.367694,11.533803,14.833570,-2.26283707775921,1.56757108642362
5.1653344,10.236882,11.386785,11.617626,14.940343,-2.84161675132766,1.56977388486518
5.1942928,10.236882,11.444056,11.626940,14.911223,-2.47831905286702,1.60608721227802
5.23564,10.217072,11.319968,11.580371,14.804450,-2.57092185735865,1.28066947693624
5.2667392,10.098211,11.291333,11.515176,14.823863,-3.12099239549503,1.73994505365738
5.2968368,10.058591,11.262697,11.580371,14.882103,-3.9635860436291,1.73714033350963
5.3706416,9.900110,11.167246,11.682822,15.144182,-6.70547152542626,2.24229727713666
5.4153936,9.622768,10.670897,11.859781,15.386848,-12.3337752296787,1.95851167972677
5.4604768,9.543528,10.546810,12.101936,15.745994,-15.7047908207067,2.03899401921976
5.500384,9.375142,10.470449,12.372032,16.066313,-19.1987528049524,2.29572643177846
5.5305648,9.246376,10.231820,12.474483,16.279859,-22.3073297177363,2.31069035525407
5.5731824,9.196850,10.117278,12.521051,16.435166,-23.9160236187213,2.40507802833318
5.6268256,8.850173,9.907284,12.623501,16.571059,-27.7925449895468,2.88532845713656
5.6732032,8.721407,9.725926,12.791147,16.930204,-31.3422004628432,3.16056031075442
5.7140928,8.721407,9.649565,13.238203,17.444656,-35.0085015159919,2.92006785102376
5.7543856,8.533211,9.277303,13.443103,17.483483,-38.9339857574564,2.17861200088027
5.7853632,8.236059,9.010039,13.247516,17.299057,-40.9206878026162,2.49767393847783
5.8154096,8.186534,8.847771,13.256830,17.483483,-42.7812074040809,2.65085121447558
5.8580144,8.127104,8.838226,13.452417,18.017348,-45.5031271385662,3.4054113030814
5.8879056,8.127104,8.780955,13.629376,18.318254,-47.3163956315419,3.45408580972262
5.9176672,8.047863,8.742774,13.741140,18.444441,-48.7233040365368,3.55254941257166
5.9616496,7.839857,8.494600,13.675945,18.376494,-50.9975422860532,3.60446863776286
5.9891456,7.701186,8.341877,13.564181,18.415321,-52.5159605639832,4.02431754137793
6.023024,7.631851,8.303696,13.573495,18.560920,-53.6270630474681,4.4085560454032
6.0615744,7.582325,8.294151,13.610749,18.657987,-54.3826768719707,4.62386980337544
6.091568,7.483275,8.189155,13.685258,16.339098,-48.6656197060473,-0.631142521883984
6.1230144,7.572420,8.236880,13.778395,16.635123,-49.0734854502587,-0.328295692142211
6.1530656,7.612040,8.284606,13.918100,16.673320,-49.1049202808637,-0.606891959914972
6.2080496,7.522895,8.170064,13.890159,16.768811,-50.5728126298027,-0.341089029016915
6.2453408,7.423844,8.208245,13.834277,16.969344,-51.4049031405698,0.609669244942639
6.2919472,7.493180,8.189155,13.908786,17.093484,-51.7160084141446,0.463632984990131
6.3418976,7.374319,8.160519,13.843591,16.845205,-51.6471254298739,0.329123812325202
6.3793264,7.384224,8.198700,13.927414,17.026639,-52.1795492173347,0.574604883743296
6.4118512,7.433749,8.208245,14.067118,17.188975,-52.7505768894329,0.458611854562538
6.449248,7.413939,8.131884,13.955355,16.912049,-52.139090005385,0.0129826853405124
6.4853616,7.404034,8.103248,14.067118,17.036189,-53.111223291538,-0.0407774979576327
6.5242128,7.404034,8.055522,14.039177,16.931148,-52.9956249434687,-0.312345210659535
6.5607104,7.275268,7.816893,13.824963,16.654221,-53.7703094503393,-0.580146609238627
6.5943328,7.205933,7.750077,13.852904,16.682869,-54.8154286836189,-0.557314734628866
6.6353872,7.235648,7.826438,14.067118,17.017090,-55.8391617630724,-0.265539346304065
6.6816112,7.245553,7.912345,14.178882,17.141230,-55.9552392956684,-0.111199394187716
6.7130096,7.186123,7.778712,14.095059,16.902500,-56.1898614898205,-0.57959634142401
6.7430176,7.077167,7.730987,13.871532,16.816557,-56.2365694807343,0.00497948004420934
6.7942928,7.007832,7.597354,13.657317,16.711516,-56.5542305178148,0.223441476923616
6.8308176,7.027642,7.702351,13.964668,17.150779,-58.0482456236176,0.587723722340069
6.8643152,7.096977,7.797803,14.150941,17.064836,-57.3007110061387,-0.0759113715313102
6.9201728,7.017737,7.807348,14.123000,17.103033,-57.7754947202314,0.319137879901055
6.9564528,6.988021,7.654625,14.029864,16.931148,-58.139988851606,-0.0936490736891891
6.9876544,6.978116,7.606899,13.964668,16.883402,-58.1672714197554,-0.111278589504863
7.0267232,6.968211,7.730987,13.918100,16.883402,-57.287233182897,0.327880399659723
7.0642336,7.047452,7.692806,14.067118,16.997992,-57.8295035939882,-0.112168781818243
7.097856,7.037547,7.692806,14.095059,16.997992,-57.97794348596,-0.160541941008562
7.1617008,7.096977,7.702351,14.132314,17.007541,-57.67861580044,-0.375396167988205
7.1992016,7.057357,7.711896,14.123000,17.093484,-58.1030162044378,-0.026114487186744
7.2431408,7.096977,7.702351,14.132314,17.083934,-57.9101940897561,-0.200476645578842
7.2808576,7.017737,7.673716,14.150941,17.150779,-58.8579494594036,0.0487589075617265
7.3117936,7.027642,7.721441,14.206823,17.217623,-58.8577619967379,0.133807193239141
7.3453744,7.057357,7.711896,14.225451,17.265369,-58.9277218719473,0.0917033699714587
7.3932016,7.027642,7.759622,14.206823,17.322664,-58.9285149355871,0.458037537301253
7.4230336,7.027642,7.816893,14.188196,17.418156,-58.7938504878432,0.851315648721855
7.4542048,7.037547,7.778712,14.253392,17.379959,-59.0536302424348,0.479818335747051
7.50676,7.087072,7.730987,14.188196,17.274918,-58.5341304333288,0.176668784254076
7.5342928,7.037547,7.740532,14.188196,17.255820,-58.7314606906742,0.286999409332307
7.5867344,7.007832,7.788258,14.169569,17.217623,-58.4462521371131,0.437666798316043
7.6269328,7.096977,7.740532,14.234764,17.227172,-58.4069429122365,-0.0600675299408291
7.6666544,7.047452,7.721441,14.188196,17.112582,-58.3597637429763,-0.108425430313922
7.7191456,6.988021,7.721441,14.057805,17.083934,-58.2596060814553,0.33472854276873
7.7491616,7.057357,7.711896,14.150941,17.026639,-57.9852680931833,-0.253679929944608
7.7805136,7.037547,7.740532,14.095059,17.083934,-57.933124973929,0.145285957828291
7.8145888,7.077167,7.721441,14.141628,17.093484,-57.9718502842351,-0.107031636046537
7.8607744,7.096977,7.730987,14.076432,17.083934,-57.5580721680517,0.0142536977220917
7.9139536,7.116787,7.616445,14.057805,17.007541,-57.8752699801995,-0.426559080087642
7.9476256,7.037547,7.568719,14.085746,16.873852,-58.370391901121,-0.708238963869995
7.9904848,7.007832,7.568719,14.076432,16.902500,-58.6212016109023,-0.53699022733411
8.0254992,7.017737,7.606899,14.104373,16.892951,-58.3667024047424,-0.572365761649458
8.0554848,6.997927,7.559174,14.141628,16.854754,-58.7999976062038,-0.818359476483177
8.1052704,7.017737,7.616445,14.067118,16.892951,-58.1916975369418,-0.450221997842728
8.1392144,6.988021,7.559174,14.029864,16.940697,-58.7856173945138,-0.291961060007532
8.1678736,6.908781,7.549629,14.057805,16.969344,-59.5328571602121,-0.109340512827528
8.222912,6.948401,7.654625,14.076432,17.074385,-58.9713038907566,0.216653021812228
8.2580864,7.037547,7.625990,14.132314,17.160328,-59.0096333646976,-0.0415828221013257
8.2906896,6.978116,7.568719,14.104373,17.112582,-59.5330014186446,-0.0478249356281655
8.3293344,6.978116,7.625990,14.085746,17.188975,-59.3375953241865,0.308112048174014
8.3591856,6.988021,7.664170,14.104373,17.255820,-59.2851610688765,0.470574683165886
8.3907024,6.938496,7.683261,14.132314,17.236721,-59.5069683592165,0.528509402987307
8.4306944,6.938496,7.625990,14.039177,17.265369,-59.6821739381242,0.714173473873021
8.4617712,6.908781,7.578264,14.057805,17.198525,-60.0375379428248,0.482998581437935
8.4930336,6.918686,7.625990,14.160255,17.313115,-60.3137798461763,0.550088207401044
8.5243552,6.938496,7.683261,14.197510,17.274918,-59.8157551992979,0.440334352248362
8.5632992,6.938496,7.606899,14.188196,17.169877,-59.9653920244618,0.0522314490499429
8.5941984,6.968211,7.654625,14.150941,17.255820,-59.6128686669607,0.377117092332879
8.6244016,6.938496,7.683261,14.132314,17.227172,-59.4783791626113,0.506815855501124
8.6680656,7.037547,7.645080,14.104373,17.208074,-58.9467496838107,0.18573869187879
8.7091824,6.997927,7.664170,14.150941,17.103033,-58.9025272077742,-0.0290827200142036
8.7490992,7.027642,7.740532,14.197510,17.188975,-58.6221155713476,0.136945265824775
8.7990384,7.047452,7.750077,14.197510,17.265369,-58.6640606681851,0.278990894332726
8.8314096,7.057357,7.683261,14.029864,17.169877,-58.2355469114478,0.332388917397699
8.8704,7.017737,7.654625,13.946041,17.026639,-57.9841546127751,0.271894336075848
8.9089296,7.017737,7.692806,13.927414,16.978893,-57.5357189176524,0.30027928030869
8.9518592,7.007832,7.702351,13.983296,16.988443,-57.7380308081475,0.219927696561488
8.9878224,7.047452,7.730987,14.001923,16.940697,-57.2109700663511,0.019141741483411
9.0515872,7.176218,7.702351,14.095059,16.997992,-57.0306833076572,-0.509286568256085
9.083016,7.126692,7.711896,13.936727,16.873852,-56.4200110764002,-0.21631417840563
9.116744,7.087072,7.740532,13.992609,16.749713,-56.2796353338314,-0.480616405310792
9.1718416,7.116787,7.702351,14.048491,16.845205,-56.8002750079566,-0.577829858705547
9.2043248,7.116787,7.702351,13.983296,16.673320,-56.0684802513389,-0.801309008276853
9.2353872,7.126692,7.654625,14.020550,16.596926,-56.1900098262554,-1.21748439371055
9.2982784,7.166313,7.683261,14.067118,16.616025,-55.9555764102683,-1.33669060470659
9.33692,7.205933,7.654625,13.983296,16.568279,-55.4758680031435,-1.39708798901974
9.3793328,7.235648,7.597354,14.095059,16.587377,-56.059616247637,-1.86433678481604
9.4069392,7.205933,7.711896,14.104373,16.568279,-55.4862334132054,-1.5864296161762
9.4366256,7.196028,7.664170,14.057805,16.596926,-55.7993120105171,-1.48044016715584
9.4730224,7.245553,7.702351,14.085746,16.644672,-55.4736046708694,-1.48626872924052
9.5217904,7.215838,7.711896,14.011237,16.625574,-55.3114558567856,-1.23061251969164
9.5593328,7.225743,7.702351,14.039177,16.558730,-55.1879322673464,-1.51007693183763
9.59068,7.245553,7.721441,14.029864,16.577828,-54.9700154792167,-1.44882254358213
9.6307024,7.275268,7.654625,14.039177,16.472787,-54.9078826559622,-1.95576289145042
9.6619504,7.205933,7.711896,14.020550,16.405943,-54.7170814364639,-1.74350474574136
9.691616,7.225743,7.520993,13.918100,18.852120,-62.7895851853028,3.5331165235137
9.7327648,7.205933,7.568719,13.862218,18.823000,-62.3732597938888,3.77471346888131
9.7640224,7.304983,7.788258,14.057805,16.539631,-54.1345959035884,-1.61461246465948
9.7940016,7.552610,8.017342,14.262705,16.816557,-52.6488019859794,-1.63592520203163
9.8293728,7.532800,8.007796,14.160255,16.835656,-52.5719223520923,-1.2951570885027
9.876624,7.443654,7.893254,13.722513,18.813293,-58.4502070748235,4.18073598587971
9.9167936,7.314889,7.769167,13.415162,18.570627,-58.4100878101007,4.57376888300569
9.9504576,7.344604,7.893254,13.526926,18.590040,-57.8388103915117,4.49687236320617
9.9878864,7.394129,7.778712,13.564181,18.483267,-58.0380322296152,3.79155428827738
10.0191376,7.413939,7.740532,13.573495,18.230894,-57.4328491537156,3.08677150119169
10.049264,7.503085,7.826438,13.498985,18.240601,-56.1498076161684,3.25455468727594
10.1028368,7.602135,7.883709,13.508299,18.114415,-54.8310626786288,2.81527552737075
10.1530128,7.612040,8.170064,13.173007,17.658203,-50.5667670093794,3.32131256389229
10.1879984,7.800237,8.551871,12.912225,17.464070,-45.6460116796269,3.92587329378183
10.2268848,7.978528,9.124581,12.707324,17.502896,-40.6462981461707,5.30350897914602
10.2568832,8.404445,10.107733,12.353405,17.299057,-30.7453211519781,6.72459859643636
10.2853216,9.058180,11.319968,11.831840,16.658418,-16.6085590338879,7.52305871542003
10.3268912,9.543528,12.016765,11.394098,16.017780,-6.53890260347012,7.50793109883026
10.369152,9.860490,12.780379,10.499987,15.076236,6.15018062119832,8.71051796505915
10.3983024,10.226977,13.305363,9.913226,14.571490,15.0361505800052,9.35536386337047
10.4403472,10.623179,13.954434,9.587248,14.057038,23.5205631358771,9.42957140853999
10.4904864,11.019382,14.517599,9.242643,13.542586,31.6590280457659,9.38448322234619
10.5204688,11.405679,14.870770,9.084311,13.261094,36.8341242868459,8.90467270226559
10.5602784,11.405679,14.813499,8.981860,13.008721,38.3199903596348,8.5678854892947
10.5916128,11.336344,14.718047,8.916665,12.882534,38.5816500093472,8.49122357059306
10.6265504,11.395774,14.632141,9.009801,12.931068,37.776517420484,7.99778760245199
10.658064,11.395774,14.508053,9.074997,12.911654,37.0387443003236,7.52881444283813
10.6943072,11.415584,14.393511,9.177447,13.125201,35.1090506350255,7.3976354711554
10.7255472,11.316534,14.364876,9.279897,13.338747,33.0587718853149,7.76206631266517
10.76532,11.197673,14.145337,9.354407,13.532880,30.3536910264773,7.83110906135712
10.8167744,10.989667,14.040340,9.447543,13.862905,27.0315424043912,8.594299217291
10.8483536,10.999572,14.002160,9.726953,14.202638,24.0740010505979,8.41019740186425
10.879168,10.870806,13.973524,9.726953,14.396771,22.5162223886504,9.08218720017735
10.9291552,10.831186,13.935344,9.857344,14.513250,21.0747438604397,8.99099147912897
10.9591504,10.870806,13.963979,9.922540,14.629730,20.5687135891379,8.99290401282124
10.9933824,10.801470,13.963979,9.959795,14.755916,19.5478676219631,9.32329303453367
11.0417248,10.811376,13.954434,10.006363,14.833570,19.0067380225986,9.30398134995897
11.07156,10.870806,13.916253,10.118127,14.891809,18.3612496603323,8.88764055914957
11.1028784,10.791565,13.830347,10.108813,14.872396,17.7620373743518,8.91907246968204
11.133072,10.801470,13.763531,10.146068,14.862690,17.3922562705777,8.64527290653137
11.1828048,10.742040,13.658534,10.239204,14.852983,16.304864093187,8.3323289684736
11.2140352,10.702420,13.515356,10.201950,14.736503,16.1561473135092,8.0271786595268
11.2581952,10.732135,13.515356,10.313714,14.746210,15.7629983388245,7.67027007155192
11.2954432,10.771755,13.362634,10.425478,14.610317,15.361286232729,6.69670132037166
11.3254336,10.712325,13.257637,10.378909,14.561784,15.03336041963,6.66927282233839
11.359328,10.742040,13.124005,10.462732,14.493837,14.4943969642368,5.96175884630636
11.420552,10.702420,13.057188,10.518614,14.464717,13.8948690474068,5.72382755022863
11.4618416,10.662800,12.742198,10.704887,14.416184,11.6739454891182,4.59115349404437
11.5093504,10.732135,12.513114,10.900474,14.542370,9.55825490317818,3.68465632816165
11.549176,10.613274,12.264940,11.124002,14.581197,6.73248085913782,2.97518531327374
11.5802464,10.504319,11.978585,11.151943,14.493837,5.10249339702006,2.39514496567223
11.6317232,10.415173,11.797227,11.124002,14.387064,4.36566943497584,2.08342308573073
11.6616816,10.425078,11.730411,11.254393,14.387064,3.5402745718977,1.57238290087449
11.6930736,10.454793,11.759046,11.300962,14.406477,3.54676672165001,1.47775233004581
11.7367328,10.494414,11.816317,11.328903,14.416184,3.85785774674593,1.44699856462831
11.7859328,10.543939,11.835407,11.245080,14.270584,5.15313268432017,1.2626338985748
11.817128,10.514224,11.816317,11.217139,14.299704,4.91285113107153,1.43412820143724
11.8565936,10.504319,11.797227,11.207825,14.202638,5.22308801558957,1.23215184275638
11.888936,10.484509,11.911769,11.161257,14.241464,5.71290397790667,1.73760087194597
11.9176512,10.484509,11.883133,11.198511,14.270584,5.29364938210221,1.64149256478112
11.9504944,10.593464,11.892678,11.189198,14.115278,6.56269125810938,1.06638808654381
11.9891392,10.593464,11.873588,11.273021,14.173518,5.86728119610536,0.934229067651447
12.0219488,10.504319,11.854498,11.291648,14.319118,4.65329520086505,1.39085602459087
12.074536,10.613274,11.911769,11.207825,14.270584,6.01028711111838,1.3445801960142
12.1139744,10.642989,11.959494,11.347530,14.464717,4.97688928241396,1.42716435193224
12.1441376,10.504319,11.949949,11.263707,14.493837,4.49654767145706,2.04349162792539
12.17416,10.415173,11.930859,11.263707,14.396771,4.3827384987393,2.02663091619139
12.2170816,10.514224,11.940404,11.226452,14.542370,4.45110812220489,2.19764510215996
12.2453168,10.534034,11.902223,11.235766,14.484130,4.56768686318035,1.91611029512401
12.275536,10.524129,11.873588,11.263707,14.435597,4.46874595778208,1.70389177448934
12.3155552,10.494414,11.873588,11.282334,14.493837,4.00400992385836,1.85755635259259
12.3592912,10.484509,11.787682,11.273021,14.406477,3.94637965999039,1.53495941702173
12.386808,10.514224,11.778136,11.273021,14.455011,3.84051402078385,1.54188253964649
12.4203664,10.524129,11.768591,11.319589,14.425891,3.76924138629776,1.31219571572339
12.4630448,10.504319,11.749501,11.282334,14.406477,3.81845682288618,1.37691264684574
12.4991536,10.543939,11.701775,11.375471,14.338531,3.67367904065932,0.782696750042058
12.5643232,10.504319,11.692230,11.356844,14.367651,3.39151813165612,0.975734272747033
12.6341936,10.415173,11.520417,11.189198,14.124985,3.84942126659656,0.737183362207626
12.6678848,10.454793,11.539507,11.310275,14.154105,3.50021538851044,0.424060411228076
12.7294992,10.514224,11.644504,11.347530,14.299704,3.53175976952865,0.722531719449821
12.763096,10.405268,11.577688,11.310275,14.280291,2.91254572955833,0.913828572622556
12.814072,10.375553,11.520417,11.254393,14.357944,2.39439113758559,1.18176056094414
12.8441328,10.415173,11.673140,11.273021,14.377357,3.17589944351825,1.40452844795108
12.874304,10.375553,11.692230,11.235766,14.387064,3.19147370604644,1.66762903576038
12.9189856,10.425078,11.768591,11.179884,14.328824,4.284746187061,1.72349318157621
12.9467056,10.504319,11.825862,11.235766,14.280291,4.91443377044018,1.39008435402954
12.9766672,10.563749,11.844953,11.207825,14.270584,5.45194084045754,1.32858048164698
13.0353184,10.534034,11.835407,11.142629,14.202638,5.82777354953979,1.40756317642153
13.0692288,10.514224,11.825862,11.124002,14.222051,5.68283964993242,1.52928686654427
13.100336,10.484509,11.873588,11.096061,14.212344,5.93001571869782,1.76244853770504
13.1317552,10.434983,11.797227,11.179884,14.173518,5.12977139316232,1.42264525107719
13.1714144,10.543939,11.854498,11.179884,14.192931,5.85031506601853,1.30508187897318
13.2055632,10.484509,11.787682,11.161257,14.163811,5.44397827168554,1.29997834087971
13.2328624,10.524129,11.787682,11.170570,14.076452,5.96840615479946,0.981610369667669
13.2828864,10.603369,11.797227,11.142629,14.154105,6.18456077996403,1.03839085762631
13.326864,10.514224,11.768591,11.161257,14.124985,5.66081288067918,1.09608058297716
13.3656928,10.464698,11.759046,11.133316,14.163811,5.32824009756836,1.36241251350537
13.4166432,10.464698,11.844953,11.096061,14.270584,5.44830548543385,1.87839121635824
13.4469328,10.474603,11.816317,11.170570,14.241464,5.16505563555326,1.53254899598381
13.4769344,10.543939,11.844953,11.151943,14.289998,5.51101406394763,1.56742232151592
13.5480784,10.474603,11.873588,11.151943,14.202638,5.68568249759509,1.62118339680109
13.5782416,10.583559,11.864043,11.161257,14.241464,5.95973045459063,1.37638555896633
13.61576,10.494414,11.844953,11.133316,14.222051,5.63975398754886,1.59810575567868
13.6492672,10.464698,11.825862,11.105375,14.241464,5.44022445399752,1.74962470329824
13.6828944,10.524129,11.902223,11.179884,14.328824,5.40869769357131,1.75362130898241
13.7130416,10.543939,11.883133,11.235766,14.289998,5.34010534611295,1.43199702902092
13.7618976,10.563749,11.844953,11.189198,14.289998,5.44861528760983,1.41896868554082
13.7966704,10.514224,11.854498,11.207825,14.328824,5.01334248641547,1.60380118576795
13.826896,10.464698,11.873588,11.142629,14.377357,4.93694917851259,2.04859944756801
13.8742176,10.434983,11.835407,11.161257,14.357944,4.61223733688385,1.9535581307104
13.9053072,10.454793,11.768591,11.170570,14.299704,4.59134956257718,1.60708685126358
13.9345664,10.425078,11.778136,11.124002,14.348237,4.48520401798886,1.93242377735433
13.9991728,10.484509,11.844953,11.170570,14.270584,5.2278136587917,1.63180347175242
14.0282336,10.425078,11.615869,11.133316,14.144398,4.52086119314231,1.11048896203824
14.0566592,10.335933,11.587233,11.077434,14.047332,4.59747223262228,1.21556798934231
14.099424,10.444888,11.615869,11.198511,14.076452,4.62938588634704,0.738481344561089
14.13028,10.395363,11.596778,11.161257,14.076452,4.45267474023327,0.923723773711115
14.158968,10.405268,11.501327,11.282334,14.057038,3.59987472891415,0.327127370542625
14.19276,10.434983,11.568143,11.217139,14.173518,3.85563021140232,0.824237586188172
14.23164,10.454793,11.682685,11.291648,14.163811,4.23676451986576,0.80826363744214
14.2729312,10.474603,11.682685,11.235766,14.231758,4.28207742625509,1.05068036655634
14.3143216,10.425078,11.663594,11.161257,14.260878,4.14012955202588,1.39650878814184
14.353048,10.454793,11.663594,11.142629,14.299704,4.1993886648917,1.45207238098206
14.3842176,10.434983,11.701775,11.151943,14.231758,4.53739101182406,1.41471216328697
14.4143248,10.454793,11.692230,11.198511,14.319118,4.02044526635873,1.41051980816527
14.456768,10.504319,11.778136,11.254393,14.348237,4.3189279678978,1.38543817037802
14.4867824,10.484509,11.806772,11.217139,14.348237,4.51847305615777,1.59576292024308
14.5155552,10.415173,11.701775,11.226452,14.338531,3.67442502850312,1.50390101423534
14.5453872,10.405268,11.778136,11.142629,14.357944,4.26926863621159,1.95650111097495
14.6054736,10.474603,11.768591,11.198511,14.289998,4.61024458172737,1.46139321936075
14.6367248,10.534034,11.806772,11.207825,14.445304,4.38839594431985,1.7004665915408
14.666744,10.444888,11.739956,11.151943,14.280291,4.56537230597356,1.57744208195926
14.716704,10.464698,11.711320,11.105375,14.309411,4.59644871965991,1.64854612394161
14.7491136,10.405268,11.701775,11.179884,14.231758,4.27415128855718,1.41935791674647
14.7816464,10.415173,11.634959,11.151943,14.260878,3.99149712324586,1.38438586537661
14.8290864,10.395363,11.711320,11.207825,14.260878,4.03079207527083,1.45635647140543
14.8647408,10.415173,11.644504,11.254393,14.357944,3.19601812142026,1.34874164287268
14.9003024,10.375553,11.644504,11.235766,14.241464,3.57190903161233,1.24709276700019
14.9503664,10.375553,11.625414,11.207825,14.260878,3.51456663666509,1.32093870812868
14.9818896,10.316122,11.673140,11.217139,14.251171,3.4589319871646,1.53528812753128
15.01184,10.385458,11.606323,11.226452,14.299704,3.227012570669,1.28933909970129
