0.0410256,9.986674,11.536997,10.635359,14.265853,6.64778402790738,-0.561775741587928
0.072992,9.917331,11.508363,10.644673,14.324101,5.86497291055601,-0.333163195079827
0.1132,10.006486,11.479729,10.663300,14.246437,6.42340608465627,-0.859595942732927
0.1420096,9.937143,11.451095,10.616732,14.246437,6.13283381884315,-0.605649487760299
0.1732384,9.986674,11.527452,10.663300,14.343517,6.14442714257019,-0.489586129446188
0.2032336,9.956955,11.489274,10.607419,14.304685,6.21264520851182,-0.42358744832508
0.2745296,9.966862,11.546541,10.672613,14.314393,6.22611721503827,-0.48279851447403
0.3270448,9.966862,11.451095,10.700553,14.246437,5.9200366071198,-0.915861331217403
0.3732368,10.026299,11.546541,10.644673,14.285269,6.76933010314043,-0.632061334350174
0.4145664,9.986674,11.575175,10.635359,14.333809,6.54516198607847,-0.330767442030579
0.4508864,9.996580,11.517907,10.653986,14.227021,6.68924026058422,-0.766146674406727
0.4993856,9.966862,11.556086,10.626046,14.207606,6.9367369653992,-0.567708781030456
0.5508272,10.006486,11.575175,10.691240,14.246437,6.77994706981937,-0.727120824306319
0.6230256,9.956955,11.470185,10.635359,14.256145,6.20583569127026,-0.647784325486422
0.66188,9.907425,11.508363,10.626046,14.256145,6.18907173735239,-0.403244161099368
0.7057008,9.927237,11.479729,10.719180,14.304685,5.53371477155568,-0.668538364097719
0.7533536,9.966862,11.451095,10.681926,14.324101,5.66567187397912,-0.695135577402391
0.7846432,9.937143,11.479729,10.681926,14.362933,5.49326453180758,-0.466908834794014
0.8557904,9.937143,11.489274,10.635359,14.314393,5.9506241256014,-0.424649356920362
0.9418608,9.917331,11.527452,10.672613,14.392057,5.54831567143133,-0.220308618979839
0.9909296,9.947049,11.536997,10.653986,14.324101,6.11755876563177,-0.37753719961175
1.0193808,10.016393,11.422462,10.765747,14.343517,5.32732572881214,-1.07787077051443
1.0682944,9.927237,11.460640,10.719180,14.256145,5.6466385274149,-0.816426162967719
1.1008528,9.996580,11.422462,10.747120,14.285269,5.55774696036438,-1.10107845976184
1.1345728,9.996580,11.508363,10.719180,14.343517,5.85823657909546,-0.710196615248082
1.1918352,9.927237,11.517907,10.719180,14.372641,5.43364663647064,-0.437316104419537
1.224392,9.927237,11.622898,10.700553,14.382349,5.99743564777435,-0.137852629709391
1.26576,9.986674,11.546541,10.663300,14.430889,5.86449048836239,-0.258510368924588
1.3058448,10.006486,11.508363,10.719180,14.324101,5.99120887644078,-0.779425134815096
1.3371984,9.966862,11.603808,10.644673,14.265853,6.84240125910707,-0.387575513464947
1.3732496,10.026299,11.536997,10.700553,14.236729,6.68997362400405,-0.910856310327437
1.4432048,9.996580,11.584719,10.663300,14.285269,6.7311215104131,-0.518712924117649
1.4768256,10.056017,11.622898,10.672613,14.246437,7.34469744105381,-0.707161652639103
1.5170464,10.006486,11.622898,10.644673,14.294977,7.0093076553494,-0.390876014197813
1.568144,10.036205,11.594264,10.672613,14.314393,6.81040648882838,-0.567815628257698
1.5991568,10.006486,11.575175,10.626046,14.246437,7.06186496256515,-0.549510554111844
1.6331504,10.105548,11.584719,10.672613,14.265853,7.31719283418374,-0.882426869224529
1.6631536,10.065924,11.613353,10.635359,14.188190,7.76020178786777,-0.780580387636725
1.691856,10.026299,11.584719,10.663300,14.207606,7.21511770401352,-0.768908262993921
1.7219952,10.036205,11.613353,10.635359,14.197898,7.57026559773761,-0.678503562730041
1.772064,10.026299,11.594264,10.653986,14.236729,7.17691516910775,-0.659202304272103
1.804688,10.056017,11.546541,10.681926,14.159066,7.30257848457506,-1.09009421192071
1.83468,10.056017,11.632442,10.598106,14.207606,7.88329891838626,-0.568209228186628
1.8920304,10.095642,11.641987,10.709867,14.246437,7.47513891448087,-0.874098202564834
1.9256448,9.937143,11.613353,10.588792,14.129942,7.57415964945044,-0.428941839107946
1.9571168,10.016393,11.536997,10.626046,14.120234,7.46862770285503,-0.936159363976758
1.9971696,10.046111,11.584719,10.607419,14.188190,7.64049224508325,-0.713062193158017
2.0280944,10.016393,11.546541,10.653986,14.227021,6.93146003100882,-0.757551232188993
2.0904144,10.075830,11.575175,10.691240,14.246437,7.12543626905674,-0.915489541149979
2.1308032,10.036205,11.594264,10.700553,14.294977,6.77367492904567,-0.685925803768013
2.1593008,10.026299,11.632442,10.709867,14.314393,6.790632983305,-0.559215393959825
2.2118768,10.026299,11.556086,10.681926,14.324101,6.48883589148213,-0.628098413687757
2.2682896,10.036205,11.556086,10.709867,14.265853,6.66882374282722,-0.857795936840246
2.3019952,9.996580,11.613353,10.737807,14.401765,6.05278771669079,-0.406471542656107
2.3359344,10.036205,11.517907,10.672613,14.256145,6.68092206092508,-0.861112543344674
2.3746384,10.036205,11.565630,10.691240,14.304685,6.62933639110337,-0.70180752432498
2.4044736,10.046111,11.546541,10.700553,14.362933,6.29294935838801,-0.668831345493937
2.434288,10.026299,11.594264,10.728494,14.294977,6.60405023905787,-0.734872653917865
2.4844,9.986674,11.622898,10.719180,14.324101,6.46409685803702,-0.47652521294215
2.5157584,10.026299,11.575175,10.737807,14.353225,6.21867364816281,-0.675032482337231
2.54432,10.026299,11.565630,10.653986,14.324101,6.65681520178596,-0.531339077487374
2.6018304,9.976768,11.584719,10.635359,14.314393,6.62711449041036,-0.32517423363988
2.6494896,10.026299,11.517907,10.644673,14.304685,6.54248550046621,-0.652154579770134
2.6770608,10.046111,11.584719,10.700553,14.207606,7.15259845156173,-0.924040677335402
2.7383104,10.036205,11.565630,10.728494,14.324101,6.38551531267485,-0.76067697462571
2.7746944,9.966862,11.594264,10.728494,14.285269,6.34943901862484,-0.594522085588345
2.8233296,10.036205,11.594264,10.653986,14.304685,6.93259799679527,-0.538258161584141
2.8696336,10.046111,11.641987,10.681926,14.294977,7.14051973657578,-0.558566510070291
2.9009072,9.996580,11.603808,10.653986,14.333809,6.65715323643646,-0.346415231929177
2.9471776,10.016393,11.622898,10.663300,14.314393,6.8944639567755,-0.426432783380017
2.9945056,9.996580,11.536997,10.663300,14.324101,6.32531764213779,-0.538060731914422
3.0233392,10.046111,11.613353,10.700553,14.236729,7.16921885185306,-0.798055429455516
3.0642816,10.016393,11.603808,10.626046,14.256145,7.21200960159803,-0.493013495340735
3.0941584,10.095642,11.556086,10.672613,14.236729,7.25149330710052,-0.98156429859619
3.132936,10.026299,11.584719,10.672613,14.343517,6.58809774834831,-0.49836368849148
3.1929488,10.046111,11.536997,10.644673,14.246437,6.98845453209623,-0.791550652028352
3.2279744,10.065924,11.546541,10.616732,14.265853,7.17175019076257,-0.70621173501279
3.2566976,10.115454,11.622898,10.700553,14.275561,7.39323824270232,-0.880685699751821
3.2979184,10.006486,11.584719,10.672613,14.275561,6.78224231343065,-0.592181040866102
3.339192,9.956955,11.546541,10.616732,14.256145,6.66940624560013,-0.430030293705991
3.3691968,9.956955,11.575175,10.644673,14.168774,7.07034336337008,-0.634698385544462
3.4107376,10.016393,11.565630,10.672613,14.285269,6.69453942885528,-0.639568804822076
3.4405264,10.065924,11.527452,10.653986,14.275561,6.87349744242821,-0.828021488023756
3.5109312,10.056017,11.556086,10.719180,14.275561,6.68560452442659,-0.915645338718781
3.552032,9.996580,11.613353,10.672613,14.294977,6.79183121701389,-0.460725669228816
3.5830288,10.036205,11.575175,10.663300,14.294977,6.83921702272004,-0.626218295754917
3.6154976,10.006486,11.603808,10.616732,14.294977,7.03494110327511,-0.356153212526387
3.6557264,10.056017,11.575175,10.700553,14.304685,6.73546006286993,-0.760105447127886
3.6844416,9.996580,11.594264,10.691240,14.324101,6.49093730985801,-0.489628001358255
3.7147024,10.026299,11.584719,10.635359,14.333809,6.79043080835707,-0.418058337517772
3.7471216,10.006486,11.603808,10.691240,14.236729,6.96466751679692,-0.685866769901001
3.7857968,10.056017,11.565630,10.691240,14.343517,6.56090137459979,-0.671150066278097
3.8158272,10.026299,11.556086,10.719180,14.304685,6.41206321035514,-0.771557489105414
3.8471424,10.065924,11.556086,10.709867,14.275561,6.7750829855801,-0.917252485111154
3.8970144,10.075830,11.565630,10.681926,14.314393,6.82498084588831,-0.762966078137913
3.9282592,10.056017,11.575175,10.719180,14.246437,6.90622998960592,-0.937532073174141
3.9594496,10.065924,11.536997,10.626046,14.294977,6.95792202571652,-0.688867682824272
3.9982704,10.046111,11.613353,10.700553,14.256145,7.08538843130823,-0.755774047922062
4.0393904,10.006486,11.594264,10.700553,14.294977,6.62562827633294,-0.605183245638013
4.0705728,10.036205,11.527452,10.691240,14.236729,6.73200326805115,-0.93333122361955
4.1104656,10.065924,11.603808,10.709867,14.236729,7.18004842290383,-0.897868239865215
4.1742128,10.065924,11.594264,10.672613,14.265853,7.16770321541401,-0.754132740401831
4.22796,10.036205,11.622898,10.700553,14.207606,7.29329703405105,-0.813830302525664
4.2741552,10.095642,11.641987,10.681926,14.285269,7.42813134791762,-0.714010537312076
4.3054112,10.065924,11.670620,10.663300,14.333809,7.29376456927123,-0.41557889633045
4.33676,10.085736,11.641987,10.644673,14.207606,7.8760971667318,-0.754981769127102
4.38676,10.056017,11.680165,10.663300,14.197898,7.87937995416788,-0.662866366428897
4.4244304,10.085736,11.613353,10.700553,14.188190,7.57601726111875,-1.01140406149755
4.473008,10.085736,11.641987,10.635359,14.207606,7.91648957930692,-0.729677940768768
4.5106368,10.065924,11.622898,10.672613,14.168774,7.7302288435351,-0.903395775681165
4.5505104,10.095642,11.622898,10.653986,14.120234,8.16957351950741,-1.03964008138562
4.5830752,10.184798,11.737432,10.653986,14.159066,9.00711620323195,-0.946549827133873
4.6192192,10.145173,11.785155,10.626046,14.236729,8.83107412014195,-0.491715053374476
4.6492432,10.155079,11.746977,10.653986,14.178482,8.82349671816451,-0.803213294927607
4.690848,10.194704,11.775611,10.616732,14.188190,9.27874400252619,-0.726408945397205
4.7446128,10.164985,11.813789,10.598106,14.207606,9.31683441530111,-0.470747738271887
4.782232,10.145173,11.842423,10.616732,14.197898,9.32134172900495,-0.426617841019548
4.8222448,10.095642,11.832878,10.598106,14.246437,8.90128433058877,-0.157437423178662
4.8741776,10.135267,11.871056,10.607419,14.285269,9.07444115142037,-0.124452212748171
4.914392,10.174892,11.890146,10.644673,14.333809,8.99074663727256,-0.187288763659044
4.96444,10.224423,11.909235,10.598106,14.275561,9.77920632600668,-0.279358084991992
4.9956496,10.254141,11.985591,10.504971,14.207606,10.9963349260656,-0.0897503259858592
5.0260032,10.293766,12.061948,10.532911,14.304685,11.0130985973297,0.0986144149347634
5.0731632,10.244235,12.081037,10.411837,14.188190,11.9037014370779,0.352876369039254
5.1158272,10.313578,12.128760,10.411837,14.149358,12.6392417191637,0.183561198322229
5.14936,10.343297,12.176483,10.402523,14.081402,13.3518774957824,0.0849507752772691
5.2093808,10.343297,12.262384,10.346643,14.091110,13.9673382356017,0.440764684599259
5.2395984,10.353203,12.319651,10.272135,13.974614,15.1363843669223,0.490041031409728
5.2708672,10.422546,12.405552,10.281449,14.052278,15.487069921989,0.624540253625598
5.3247664,10.442359,12.415097,10.290762,13.994030,15.8437510761921,0.442108951901711
5.353304,10.432452,12.396008,10.216255,13.945491,16.2558711835781,0.527240759513768
5.3958544,10.402734,12.405552,10.244195,14.003738,15.7751298098882,0.676409860073324
5.4507984,10.452265,12.520087,10.160374,13.877535,17.4914808735297,0.744914277512256
5.4882096,10.462171,12.529632,10.179001,14.023154,16.8463392453738,0.996194724569973
5.5194528,10.412640,12.434186,10.095180,13.964906,16.7989397212468,1.03414278220016
5.5585584,10.363109,12.510542,10.085867,13.994030,16.8368481437052,1.41889112869706
5.5867584,10.343297,12.491453,10.057926,13.896951,17.2158407377388,1.30370815398384
5.618048,10.442359,12.682345,9.964792,13.819287,19.3555301279231,1.5274200057232
5.6693952,10.561233,12.796879,9.880971,13.761039,21.0910341430834,1.55013888443017
5.7005616,10.779169,13.274108,9.433926,13.168853,29.1295745754842,1.93844998776751
5.7409792,10.848512,13.512722,9.210404,12.829075,33.2317996302051,2.15246684860879
5.7808352,11.026824,13.980406,8.912374,12.508712,39.1213296625601,2.79897816573145
5.8308624,11.541945,14.772605,8.605031,12.091269,48.2726128244489,3.00460756220387
5.8632864,11.878756,15.421636,8.353568,11.770907,55.157663932525,3.44730563639653
5.9132976,11.928287,15.507537,8.139359,11.460252,58.4681767994747,3.44022479556167
5.9456992,11.740069,15.450269,7.720254,11.013685,62.2646214323697,4.10176016126855
5.9746176,11.532039,15.402547,7.561926,10.790402,63.4273744971984,4.5864701607347
6.0172288,11.680632,15.564804,7.515359,10.780694,64.9433069070924,4.61304907648752
6.0645936,11.858943,15.975221,7.478105,10.790402,67.3194815029316,5.08526221777711
6.0972448,11.878756,16.156567,7.450165,10.770986,68.33327788027,5.44329868175212
6.1370576,11.849037,16.232924,7.319777,10.605951,70.1913182112143,5.72155149129497
6.1692496,11.967911,16.147023,7.254583,10.518579,71.1912462196388,5.20726222308029
6.1995648,11.759881,15.975221,7.142822,10.363252,71.349418398802,5.45317944435235
6.230592,11.948099,16.156567,7.235956,10.353544,72.2198726411451,4.9937135143298
6.2795248,12.017442,16.261558,7.142822,10.227340,74.1360530155145,5.01817015101955
6.310776,11.967911,16.290191,7.068314,10.130261,75.0728345488602,5.23508792078496
6.3433104,12.136316,16.490627,7.068314,10.120553,76.4487541275496,5.14547026256035
6.3833616,12.294815,16.414551,7.086941,10.198216,76.173462927806,4.63878083884116
6.4131856,12.086786,16.605162,6.863419,9.945809,78.9381662645975,5.7595049833063
6.4432784,12.166035,16.348365,6.854105,9.906977,78.6012283991073,4.93397040923442
6.4833888,12.195754,16.509101,6.807538,9.936101,79.3776294703534,5.3831147009111
6.517192,12.294815,16.679293,6.798225,10.042889,79.7332852472896,5.69957392645703
6.5458656,12.195754,16.698203,6.760971,10.042889,79.6773519618145,6.13557884459791
6.5755584,12.185847,16.546922,6.686463,9.829314,80.8532215341821,5.62183909234092
6.618008,12.116504,16.613107,6.667836,9.906977,80.4839084045307,6.1818503478717
6.6508672,12.225472,16.650928,6.723717,9.965225,80.3064818042539,5.89830437654078
6.7004656,12.146223,16.669838,6.695777,9.877854,80.7927847602297,6.06980506305225
6.7521984,12.225472,16.717113,6.611956,9.819606,82.0943666695562,6.06035281723803
6.7807024,12.215566,16.660383,6.500195,9.644862,83.6199296823868,5.93403947798127
6.8119248,12.284909,16.632017,6.611956,9.615739,83.2525082781589,5.27891648910806
6.8732368,12.374065,16.830574,6.621269,9.664278,83.8841942564008,5.51037105073798
6.9033504,12.334440,16.745478,6.556075,9.518659,84.7538632036215,5.33218034055525
6.9458992,12.354253,16.726568,6.500195,9.586615,84.682392942827,5.54165318804359
7.0108432,12.324534,16.745478,6.490881,9.557491,84.8829511543641,5.63501529863198
7.0459056,12.265097,16.707658,6.518822,9.586615,84.1974935952625,5.70954471098459
7.0957248,12.294815,16.632017,6.509508,9.615739,83.9174305910955,5.55121364548296
7.126904,12.314628,16.717113,6.621269,9.606031,83.6497731639413,5.32356221006204
7.1570288,12.413690,16.754933,6.639896,9.625446,83.8849362775139,5.10023902546143
7.1971088,12.423596,16.764388,6.584016,9.654570,84.1147413918329,5.3154224041387
7.2283264,12.383971,16.934580,6.574702,9.673986,84.4965714847582,5.85479803170333
7.2583536,12.403784,16.877849,6.556075,9.644862,84.6637350026128,5.67226419275158
7.2971344,12.383971,16.906214,6.472254,9.644862,85.207380585073,6.0350826121619
7.3395968,12.205660,16.736023,6.500195,9.664278,83.7266766763538,6.16304041212186
7.3821088,12.265097,16.650928,6.546762,9.722526,82.9940933288277,5.79379479497997
7.4172768,12.403784,16.754933,6.705090,9.732234,82.802734589381,5.16365219592538
7.4530976,12.334440,16.754933,6.602642,9.741942,83.1297103909379,5.68486789251183
7.4842784,12.403784,16.754933,6.649210,9.693402,83.3791189690813,5.2447652023747
7.51436,12.354253,16.669838,6.630583,9.673986,83.1501037757764,5.22391668492434
7.5545904,12.294815,16.754933,6.546762,9.683694,83.6921550709399,5.84307911031143
7.5843888,12.265097,16.688748,6.584016,9.664278,83.2532340143002,5.64122098594464
7.62548,12.374065,16.698203,6.565389,9.664278,83.7741449979732,5.39598530094329
7.6758128,12.344346,16.669838,6.658523,9.683694,82.8859534762814,5.19166940648346
7.7057696,12.344346,16.679293,6.686463,9.683694,82.7479612134539,5.13002642849799
7.7370768,12.453314,16.707658,6.723717,9.722526,82.7563034659372,4.84632899708344
7.7722064,12.413690,16.698203,6.695777,9.771066,82.4630400400917,5.12440658486772
7.8085392,12.314628,16.603652,6.705090,9.703110,82.1526352148227,5.04386015671709
7.8398736,12.304722,16.632017,6.630583,9.732234,82.4932736626512,5.41186323837513
7.8706368,12.294815,16.669838,6.686463,9.790482,81.8946731303281,5.47909491925944
7.9268496,12.324534,16.669838,6.742344,9.761358,81.8349166080505,5.16835514541595
7.9729712,12.364159,16.811664,6.695777,9.829314,82.3293812409563,5.6270716902075
8.0079888,12.314628,16.821119,6.630583,9.809898,82.7048868956971,5.94085395620244
8.0417072,12.265097,16.811664,6.658523,9.839022,82.156135341941,6.04487141063567
8.0728912,12.284909,16.764388,6.695777,9.809898,82.0123409328507,5.71908107898565
8.1031696,12.294815,16.754933,6.621269,9.819606,82.4072090362693,5.90848655693074
8.1444752,12.314628,16.736023,6.695777,9.761358,82.3115166402756,5.47168568683649
8.17316,12.364159,16.707658,6.686463,9.722526,82.6769950538054,5.21357132510792
8.2047136,12.364159,16.736023,6.658523,9.732234,82.8853349724767,5.37488051595673
8.2558512,12.344346,16.773843,6.714404,9.673986,82.9614812098579,5.22693825477201
8.3047344,12.304722,16.792754,6.611956,9.703110,83.3377018136798,5.74249755145697
8.3359984,12.314628,16.868394,6.667836,9.829314,82.5231365594491,5.97057333394808
8.3767376,12.324534,16.849484,6.667836,9.848730,82.3747707923567,5.94273125903941
8.4267472,12.265097,16.717113,6.695777,9.703110,82.4301437774257,5.45464375739931
8.4583024,12.324534,16.688748,6.686463,9.712818,82.5347993460608,5.26899788101563
8.4983824,12.403784,16.783299,6.723717,9.732234,82.786737508121,5.16898254099964
8.5507904,12.374065,16.868394,6.705090,9.722526,83.1478186858964,5.46691445971097
8.5904704,12.344346,16.650928,6.705090,9.790482,81.8873452822424,5.24059048639152
8.6408128,12.383971,16.736023,6.714404,9.839022,81.9665092831813,5.37794493040476
8.6708448,12.364159,16.811664,6.742344,9.809898,82.1652493448563,5.45134757717274
8.7005696,12.423596,16.773843,6.742344,9.790482,82.3566335775497,5.1595934365242
8.75204,12.354253,16.773843,6.760971,9.858438,81.5961200912105,5.44836721549526
8.7820816,12.304722,16.717113,6.639896,9.761358,82.5522277113212,5.62430541945097
8.8132352,12.374065,16.745478,6.770284,9.741942,82.2142080082429,5.06121330201179
8.8534192,12.423596,16.821119,6.714404,9.858438,82.2767079110754,5.48068460226563
8.8833216,12.393877,16.811664,6.695777,9.839022,82.3724381638355,5.5608983046759
8.9145504,12.393877,16.811664,6.733031,9.722526,82.8522400431584,5.20974289389018
8.9457392,12.383971,16.764388,6.714404,9.809898,82.2400117369951,5.37636125106784
8.9859568,12.364159,16.707658,6.742344,9.722526,82.337345095298,5.05097656998313
9.0172368,12.364159,16.632017,6.723717,9.703110,82.3081550157956,4.90504537947463
9.0483856,12.443408,16.754933,6.733031,9.683694,83.063379926064,4.86579184677176
9.089464,12.443408,16.754933,6.816851,9.722526,82.3201202113477,4.7049872684571
9.1195632,12.354253,16.660383,6.788911,9.683694,82.0935236756493,4.76322565639598
9.1593696,12.364159,16.556377,6.770284,9.722526,81.6457296515169,4.65087758085363
9.1995968,12.393877,16.584742,6.770284,9.751650,81.669971684501,4.68608180193674
9.2507648,12.473127,16.546922,6.882045,9.771066,81.0205528197303,4.09547209056593
9.283448,12.483033,16.660383,6.882045,9.800190,81.2707261167262,4.36770376579202
9.3271104,12.522658,16.622562,6.956553,9.722526,81.2958999581868,3.79699371724904
9.3646368,12.463221,16.726568,6.798225,9.819606,81.8174698908346,4.84559466311306
9.3957904,12.532564,16.688748,6.854105,9.751650,81.9982240921394,4.26326261800351
9.4408704,12.393877,16.603652,6.872732,9.780774,80.9402958814901,4.49096490305808
9.4760112,12.483033,16.622562,6.844792,9.819606,81.247796098004,4.43611695551423
9.5070336,12.522658,16.698203,6.965866,9.839022,80.8021271024651,4.17506240251469
9.5446192,12.532564,16.679293,6.928613,9.829314,81.0519963028004,4.19316660636724
9.5881488,12.542470,16.688748,6.965866,9.936101,80.2591326335273,4.30197486392865
9.618088,12.483033,16.698203,6.928613,9.994349,79.9622167449469,4.71952157201147
9.649328,12.512752,16.632017,6.984493,9.974933,79.6197410709035,4.29620159075803
9.6993216,12.483033,16.660383,7.003120,9.916685,79.8505003771388,4.26533451085394
9.7323424,12.572189,16.622562,7.031060,9.897269,79.9768912822311,3.81167118293761
9.770632,12.552376,16.575287,7.040374,9.994349,79.1142469036653,3.94603659690761
9.8119312,12.601907,16.556377,7.077628,9.916685,79.4594790306344,3.49678329093312
9.8422816,12.522658,16.424006,7.040374,9.945809,78.7733334756678,3.60996393574746
9.905904,12.532564,16.376730,7.068314,9.926393,78.592306986943,3.36096575872283
9.9347824,12.542470,16.414551,7.180075,9.965225,77.8675085314044,3.1780531239194
9.9751184,12.592001,16.499646,7.152135,9.984641,78.3866145301303,3.33763301814746
10.0073024,12.671251,16.565832,7.152135,10.033181,78.6045604967638,3.35529967619907
10.0584416,12.621720,16.594197,7.180075,10.033181,78.3673772215041,3.47553107419849
10.0874608,12.512752,16.556377,7.152135,10.042889,77.9654159474027,3.80339537062811
10.1188352,12.393877,16.480736,6.984493,10.013765,78.4500043355407,4.40081861987159
10.1685936,12.334440,16.584742,7.012434,10.042889,78.2672524703657,4.76993830994704
10.1997568,12.512752,16.603652,7.040374,10.013765,78.9603862391952,4.15880730541368
10.2294384,12.403784,16.376730,7.059001,9.926393,78.1967151146972,3.75517236613097
10.2722384,12.175941,16.519261,6.947239,9.858438,78.9709151548728,4.89211982574844
10.3006768,12.403784,16.652885,7.124195,10.042889,78.0864879813708,4.39399645991853
10.3319264,12.473127,16.643340,7.329090,10.169092,76.3594616137865,3.86038153662419
10.3634368,12.403784,16.299736,7.468792,10.275880,73.4791372264413,3.1679072714543
10.4222656,12.076879,15.669794,7.589866,10.334128,68.9627983007947,2.53474324593795
10.4546176,11.987724,15.383457,8.185926,11.343756,58.596070649877,2.64579409317117
10.4895312,12.007536,14.896684,8.996195,12.081561,48.6884259985928,0.911119104696215
10.5458816,11.442883,13.951772,9.238344,12.314553,40.1151562440355,0.278281589852018
10.5871312,10.590951,12.720523,9.536374,12.712579,27.4478008640501,-0.00772117880188894
10.6372448,10.442359,12.310107,10.300076,13.780455,16.2593796724654,-0.265372258751976
10.670904,9.956955,11.785155,10.840255,14.547384,5.65230484737276,0.1054716663158
10.6982592,9.838081,11.565630,11.175538,15.168694,-0.00266818998766283,0.374712251750715
10.7593472,9.669676,11.279293,11.333867,15.421101,-3.95122541485173,0.330309200177267
10.79104,9.184273,10.830698,11.464255,15.857959,-11.0214236019349,1.26248814439549
10.8234416,9.164461,10.792520,11.557389,16.042411,-12.394800005453,1.37019427066814
10.902664,9.114930,10.611173,11.631897,16.178322,-14.4196215021379,1.20764175618337
10.9558992,9.184273,10.677985,11.818165,16.498685,-15.5931949478489,1.32560426520596
11.0033648,9.213992,10.525272,11.808852,16.362774,-15.7054304533333,0.672080773286451
11.0444576,9.243710,10.420282,11.901986,16.294818,-16.1997022691456,-0.0178782097282575
11.0797888,9.332866,10.468005,11.948553,16.255986,-15.5010023301272,-0.359032491796407
11.117208,9.382397,10.391648,12.004434,16.197738,-15.6344361595662,-0.921488291334398
11.157224,9.372491,10.420282,12.013747,16.081243,-15.135452167681,-1.10640371010706
11.1906416,9.422021,10.448916,12.004434,15.964747,-14.249752050653,-1.39948134397567
11.2307008,9.501271,10.496639,11.929927,15.848252,-12.8579462357774,-1.55896965792992
11.2594576,9.501271,10.515728,11.883359,15.751172,-12.2107301358474,-1.60349828737843
11.2894128,9.560708,10.553906,11.818165,15.605552,-10.8884892924075,-1.81953094458705
11.3456224,9.570614,10.582540,11.771598,15.508473,-10.1306934841952,-1.87051889952246
11.3718448,9.649864,10.716164,11.743658,15.498765,-8.8717167456886,-1.73866623100884
11.4034144,9.739019,10.687530,11.725031,15.382269,-8.02970159101663,-2.23775809925932
11.4333392,9.719207,10.754342,11.659837,15.304606,-7.22470756719243,-2.03723370592362
11.4747712,9.828175,10.849788,11.641210,15.226942,-5.78809244868968,-2.23678212787409
11.505752,9.857894,10.878421,11.622583,15.129862,-5.02860562720519,-2.41437579339836
11.540824,9.857894,10.887966,11.520135,15.129862,-4.57079662518856,-2.12369806287129
11.5883104,9.867800,10.973867,11.520135,15.110446,-4.00191540060993,-2.00578751000782
11.6180592,9.867800,10.945233,11.501509,15.032783,-3.76220540929641,-2.18711897284401
11.648168,9.966862,11.002501,11.641210,14.984243,-3.32973418720948,-2.79580667277628
11.7006272,9.986674,11.069313,11.464255,14.955119,-2.05966672527946,-2.30158071192547
11.7382848,10.006486,11.097946,11.520135,14.838623,-1.5684632649604,-2.6916010900319
11.7760112,10.026299,11.183847,11.389747,14.838623,-0.503408777602477,-2.21393624582286
11.821064,10.095642,11.202937,11.371121,14.751252,0.375780808112818,-2.49590931751646
11.8543936,10.155079,11.307927,11.333867,14.722128,1.47278682639518,-2.38938097443368
11.8834208,10.204610,11.346105,11.333867,14.799791,1.59096893988221,-2.26863203498481
11.9422064,10.244235,11.384283,11.333867,14.683296,2.45695587086696,-2.54188224848344
11.975952,10.194704,11.298382,11.250046,14.605632,2.45102803674103,-2.5472648818519
12.0034816,10.135267,11.384283,11.250046,14.576508,2.70409465240745,-2.26684070850333
12.0532592,10.135267,11.307927,11.268673,14.547384,2.3661896145697,-2.54596871565606
12.0847744,10.303672,11.432006,11.324553,14.634756,3.22660961295732,-2.67474481841971
12.1495632,10.283860,11.412917,11.333867,14.566800,3.27711145336843,-2.83633755966615
12.1859632,10.254141,11.470185,11.250046,14.605632,3.6001666809894,-2.33022119038322
12.2293872,10.224423,11.441551,11.268673,14.527968,3.55679487157938,-2.53180375518365
12.2636784,10.273953,11.479729,11.240732,14.586216,3.86471723039552,-2.37917153445771
12.3098736,10.273953,11.451095,11.268673,14.625048,3.44579609967948,-2.43038004263244
12.3392992,10.333391,11.489274,11.268673,14.615340,3.96776943913707,-2.52437741578795
12.3732288,10.234329,11.508363,11.259359,14.595924,3.69259644744512,-2.24102316494915
12.4219712,10.313578,11.451095,11.222106,14.605632,3.91571405515032,-2.45424738432735
12.4707776,10.283860,11.451095,11.268673,14.605632,3.57535072632355,-2.49842371645704
12.515832,10.224423,11.365194,11.277986,14.634756,2.69540182326581,-2.49011989672388
12.5534368,10.194704,11.451095,11.305926,14.683296,2.65802340461384,-2.19418039389914
12.58444,10.204610,11.298382,11.240732,14.663880,2.29755346930187,-2.42194876259495
12.6243024,10.194704,11.346105,11.277986,14.576508,2.69401826029128,-2.58027615310312
12.655768,10.184798,11.365194,11.259359,14.663880,2.45473403563778,-2.27367793100116
12.6882448,10.155079,11.307927,11.287300,14.702712,1.74473115783166,-2.30900502695597
12.7170272,10.155079,11.298382,11.380434,14.683296,1.39325867260129,-2.61674834978361
12.7693952,10.184798,11.298382,11.333867,14.693004,1.6934918371695,-2.55142284055623
12.8033792,10.194704,11.327016,11.324553,14.722128,1.80413424266494,-2.42758935208936
12.8406128,10.145173,11.317471,11.343180,14.741544,1.3528101707445,-2.32502360429647
12.8808176,10.164985,11.279293,11.315240,14.809499,1.09667862569463,-2.23917011314924
12.9093408,10.155079,11.317471,11.333867,14.731836,1.48051750490219,-2.34762416551436
12.9420992,10.194704,11.327016,11.296613,14.809499,1.55967791089662,-2.16512993835269
12.9884736,10.145173,11.288838,11.315240,14.741544,1.32457783390769,-2.31363345171102
13.0222768,10.194704,11.346105,11.371121,14.780375,1.46848513746886,-2.38224372946983
13.055704,10.155079,11.279293,11.389747,14.790083,0.821351842938636,-2.45080890516355
13.1032512,10.135267,11.298382,11.315240,14.819207,1.00370300427488,-2.09871962868334
13.145672,10.184798,11.279293,11.333867,14.799791,1.15908646040345,-2.36115286144356
13.1758512,10.145173,11.231570,11.305926,14.722128,1.15601262420858,-2.45574522803486
13.2144432,10.254141,11.412917,11.389747,14.809499,1.89961840185912,-2.37930751553088
13.24568,10.204610,11.365194,11.324553,14.819207,1.64447618850835,-2.161120440623
13.2757376,10.145173,11.298382,11.296613,14.760960,1.36906815027323,-2.20181296911382
13.3059136,10.184798,11.288838,11.259359,14.770667,1.63282287918891,-2.20770207185907
13.3570384,10.194704,11.317471,11.277986,14.702712,2.02866217266751,-2.36806260804984
13.4006656,10.234329,11.346105,11.333867,14.712420,2.0980456641827,-2.53556695685714
13.435504,10.164985,11.288838,11.315240,14.654172,1.78387987922167,-2.55566360325715
13.4792736,10.264047,11.355650,11.315240,14.702712,2.40991685820159,-2.56496678271364
13.5195632,10.224423,11.336561,11.296613,14.663880,2.35533313630659,-2.53797031597177
13.5617344,10.174892,11.365194,11.268673,14.615340,2.56792377734554,-2.37752842080897
13.6017616,10.283860,11.460640,11.287300,14.702712,3.14324393676481,-2.31656720610897
13.6431696,10.323484,11.432006,11.287300,14.644464,3.43850631871117,-2.60812185100833
13.6780944,10.214516,11.460640,11.250046,14.634756,3.23584119239897,-2.18369392298303
13.743384,10.264047,11.422462,11.231419,14.634756,3.36940194970385,-2.34760985768027
13.7760304,10.214516,11.393828,11.212792,14.644464,3.01864591075007,-2.20930323774195
13.8282576,10.273953,11.393828,11.268673,14.634756,3.1220380743952,-2.53350122588875
13.8571664,10.234329,11.412917,11.231419,14.595924,3.33613218392075,-2.37442302713333
13.8871568,10.313578,11.479729,11.259359,14.644464,3.74090687823679,-2.40581476065128
13.9293744,10.353203,11.479729,11.259359,14.673588,3.81535620446419,-2.44653286103004
13.9584384,10.303672,11.451095,11.277986,14.615340,3.59428601691201,-2.55367180954194
13.9884336,10.234329,11.412917,11.184852,14.557092,3.69192974076771,-2.33615552768216
14.0196128,10.174892,11.460640,11.194165,14.518260,3.7570489950796,-2.18453191796998
14.0698768,10.283860,11.479729,11.231419,14.615340,3.83124751039384,-2.31766170355449
14.1007552,10.264047,11.451095,11.203479,14.586216,3.82928471465593,-2.31731507007311
14.1307936,10.283860,11.489274,11.315240,14.634756,3.45008424838326,-2.47462646850123
14.1722592,10.333391,11.517907,11.250046,14.644464,4.06511431222202,-2.35081643162255
14.2022672,10.254141,11.441551,11.184852,14.644464,3.56806503466379,-2.13669981401915
14.2371056,10.323484,11.489274,11.212792,14.693004,3.82858187747496,-2.18435098098086
14.2670896,10.293766,11.441551,11.222106,14.595924,3.81107278963406,-2.4440089312423
14.304856,10.194704,11.365194,11.250046,14.547384,3.0263618946025,-2.52859049666922
14.3407696,10.254141,11.441551,11.250046,14.644464,3.2972769630636,-2.30813924280414
14.404832,10.184798,11.374739,11.305926,14.683296,2.22943657121877,-2.33337918817166
14.4360688,10.273953,11.403373,11.268673,14.663880,3.0486599818884,-2.4496423376871
14.4669984,10.264047,11.374739,11.361807,14.663880,2.47273708263871,-2.72959361196903
14.498568,10.283860,11.422462,11.277986,14.702712,2.99302034360013,-2.3746489339353
14.5385088,10.234329,11.412917,11.268673,14.644464,2.97997749916655,-2.3670498835778
14.5683376,10.264047,11.460640,11.277986,14.712420,3.04372206591907,-2.21932318395147
14.5982032,10.273953,11.508363,11.287300,14.741544,3.16951638399544,-2.1041496950289
14.64076,10.254141,11.441551,11.259359,14.566800,3.58119357140679,-2.50100237762874
14.6793136,10.234329,11.403373,11.175538,14.615340,3.44052378378836,-2.20579789372929
14.7105568,10.273953,11.403373,11.222106,14.595924,3.52403657215011,-2.47485642715341
14.744792,10.293766,11.422462,11.250046,14.625048,3.47947185099071,-2.49554919719061
14.7821024,10.283860,11.412917,11.175538,14.547384,4.01694901668432,-2.46322311121618
14.8120416,10.283860,11.479729,11.212792,14.683296,3.62638276401573,-2.12190971036956
14.8435072,10.254141,11.517907,11.203479,14.625048,3.94883800904348,-2.06263731117752
14.894432,10.333391,11.479729,11.240732,14.654172,3.87555026927481,-2.38793385642298
14.9244048,10.293766,11.508363,11.277986,14.634756,3.74740109210988,-2.36180948684385
14.957216,10.283860,11.508363,11.222106,14.731836,3.52789389311091,-1.9801035007395
15.0134272,10.303672,11.527452,11.296613,14.712420,3.49170231747226,-2.22784880898713
