0.0361632,9.023884,11.369667,10.228605,14.996597,4.87557206048414,-0.625802838672467
0.0739392,9.013980,11.369667,10.247233,15.006304,4.70342992779182,-0.630527912140156
0.1139056,9.023884,11.369667,10.256547,15.025717,4.63374949365268,-0.64507289674923
0.1538784,9.004075,11.484199,10.191349,15.016010,5.44747807683185,-0.179187708567159
0.1848096,8.984267,11.436478,10.200663,15.054836,4.88972465528706,-0.167461638685101
0.22624,9.023884,11.551009,10.200663,14.938358,6.1902897923411,-0.286137032217393
0.283808,9.063500,11.570098,10.163406,14.938358,6.65468471187158,-0.252935886426172
0.3173744,9.053596,11.589187,10.163406,14.957771,6.61951277188069,-0.143696720489245
0.3775008,9.063500,11.522376,10.163406,14.967477,6.28218299196185,-0.291936893546072
0.4086416,9.093212,11.522376,10.144778,14.860705,6.97314167588902,-0.548454136971813
0.4389664,9.083308,11.436478,10.154092,14.889825,6.30907375326907,-0.666558491363926
0.4901168,9.113021,11.493744,10.209977,14.880119,6.56501471221637,-0.813132588890447
0.52144,9.093212,11.446022,10.154092,14.889825,6.41061706067828,-0.675025680848805
0.5775904,9.043692,11.474655,10.107522,14.918945,6.3762699729451,-0.275028007368569
0.6113296,9.083308,11.493744,10.172720,14.899532,6.48659555324953,-0.579087197378708
0.6488864,9.093212,11.551009,10.191349,14.938358,6.59059261740967,-0.45935681858009
0.6850208,9.053596,11.503288,10.107522,14.899532,6.66061817209678,-0.284348542592674
0.7239696,8.994171,11.398300,10.126150,14.850999,5.92819455804868,-0.48998731856933
0.7539632,9.033788,11.398300,10.154092,14.870412,5.93319444866658,-0.645003776474805
0.7849648,8.964459,11.379212,10.182034,14.889825,5.26617739837032,-0.524247070865687
0.8276096,9.004075,11.417389,10.237919,14.967477,5.10607344229619,-0.556264327598708
0.878864,8.974363,11.350579,10.200663,14.909238,5.00524496965452,-0.626569976133048
0.9174368,8.974363,11.350579,10.247233,14.948064,4.64186256620966,-0.679313207755115
0.9776368,9.013980,11.379212,10.219291,15.045130,4.70741439686787,-0.447938673961907
1.0074704,9.013980,11.379212,10.219291,14.928651,5.20206842144451,-0.693588488994465
1.0477152,9.013980,11.388756,10.182034,14.928651,5.41092856725707,-0.565581559065578
1.0914096,9.013980,11.407845,10.247233,15.045130,4.73927190437286,-0.468437029989389
1.1212128,9.033788,11.312401,10.256547,14.938358,4.75534499211939,-0.979363000462723
1.1561232,9.004075,11.369667,10.172720,15.064543,4.72040367517862,-0.263773968185262
1.1935472,8.964459,11.312401,10.200663,14.986890,4.4213354917827,-0.514316084817363
1.2250288,8.924843,11.331490,10.228605,15.006304,4.11205955039264,-0.399125834217323
1.255016,9.023884,11.321946,10.144778,14.996597,4.98110318052218,-0.483905017936841
1.30728,9.023884,11.379212,10.237919,14.977184,4.96851868263407,-0.673524635280824
1.3373584,9.033788,11.407845,10.209977,14.986890,5.24799616295042,-0.540586073329923
1.3686064,8.974363,11.360123,10.219291,14.977184,4.68710214541458,-0.516718900498319
1.402384,9.023884,11.369667,10.182034,14.870412,5.61139481297399,-0.75793694336928
1.4388496,9.004075,11.369667,10.247233,14.957771,4.85729661690328,-0.704358248423002
1.4701056,9.023884,11.350579,10.209977,14.889825,5.30885558844225,-0.838140427652004
1.5140336,8.994171,11.369667,10.247233,14.977184,4.72285513372567,-0.634738042492394
1.5701136,8.974363,11.321946,10.200663,15.035423,4.31795784112208,-0.420413256230912
1.6025408,8.964459,11.398300,10.275175,15.045130,4.31121538596044,-0.426188434418954
1.636168,8.994171,11.398300,10.219291,15.045130,4.70363813165005,-0.350534718489474
1.6740528,9.033788,11.407845,10.209977,15.122782,4.672235739287,-0.255179994816036
1.705176,9.063500,11.446022,10.191349,15.093662,5.22910229576929,-0.268206699673382
1.7350688,9.043692,11.436478,10.200663,15.016010,5.36554177139762,-0.420788032050062
1.7862304,9.013980,11.398300,10.200663,15.035423,4.92765405233851,-0.374350451143666
1.8239952,8.994171,11.360123,10.228605,15.093662,4.25844719109956,-0.355709577087985
1.8752336,9.004075,11.417389,10.247233,15.054836,4.69632328222691,-0.399412688853261
1.920112,9.013980,11.360123,10.163406,15.074249,4.72062938038296,-0.265142387999695
1.9490032,9.043692,11.369667,10.209977,14.996597,5.05857398831842,-0.629211560155802
1.9825808,9.043692,11.436478,10.228605,15.054836,5.08241183352959,-0.419911209116929
2.0313632,9.063500,11.379212,10.247233,15.074249,4.72553342339105,-0.610179260729925
2.0625888,8.974363,11.388756,10.219291,15.035423,4.59061846010709,-0.333684943445281
2.0952576,8.994171,11.398300,10.209977,15.025717,4.82539989992972,-0.36440096002061
2.1462896,9.093212,11.512832,10.256547,15.064543,5.57921681139949,-0.462597294116101
2.1839712,9.063500,11.407845,10.172720,15.064543,5.23199237328636,-0.355498939516359
2.2250384,8.954555,11.398300,10.154092,15.006304,4.93710754237313,-0.128274249544134
2.2652592,9.023884,11.283769,10.209977,14.967477,4.62660551867105,-0.8151536340517
2.2975216,9.023884,11.417389,10.293803,15.054836,4.60328905616329,-0.59076948771461
2.326064,9.033788,11.331490,10.284489,15.016010,4.40815918531867,-0.855186334215983
2.377528,8.994171,11.350579,10.237919,15.045130,4.37408371318553,-0.50479735355329
2.4077152,9.004075,11.446022,10.247233,15.045130,4.88734667402891,-0.359693153634041
2.4387984,8.924843,11.426933,10.237919,15.045130,4.41102264721557,-0.143622521527458
2.4790176,8.944651,11.302857,10.219291,15.113075,3.65330198392824,-0.264948771583562
2.509064,8.944651,11.360123,10.191349,15.054836,4.31976360678032,-0.185939957528984
2.5515504,8.994171,11.321946,10.219291,15.035423,4.34337487161027,-0.531732935945307
2.591624,9.053596,11.379212,10.219291,15.074249,4.79183539249561,-0.50109829097342
2.6352336,9.043692,11.379212,10.247233,15.113075,4.45785016115826,-0.471570890440088
2.6664032,9.053596,11.407845,10.219291,15.122782,4.73654712550082,-0.339200770310129
2.7063296,9.043692,11.369667,10.228605,15.103369,4.52744667850138,-0.458274779681847
2.7451152,8.924843,11.388756,10.312432,15.171315,3.36479899497584,-0.174826772632606
2.7990816,9.013980,11.350579,10.275175,15.200434,3.66673990433961,-0.343402825580341
2.858896,8.974363,11.398300,10.331060,15.219847,3.39381064473293,-0.249930510057432
2.8890512,9.004075,11.302857,10.303118,15.113075,3.61342827930456,-0.67893945924477
2.9187152,9.013980,11.350579,10.265861,15.210141,3.66509303823332,-0.296255443212427
2.9713584,8.974363,11.274224,10.265861,15.181021,3.17695001463054,-0.4030640368867
3.0011728,8.994171,11.274224,10.303118,15.171315,3.16580794586633,-0.588105946023063
3.0313632,8.984267,11.341034,10.284489,15.200434,3.42141582604567,-0.304588395051322
3.0777824,8.994171,11.293313,10.265861,15.210141,3.25980969960694,-0.359070130194052
3.1239568,8.974363,11.274224,10.284489,15.258673,2.77352734152263,-0.293967638164101
3.1524688,9.004075,11.388756,10.256547,15.248967,3.68964202367008,-0.080061070483417
3.203848,9.023884,11.398300,10.247233,15.210141,4.04544523890972,-0.17139185891325
3.2340144,8.974363,11.398300,10.256547,15.200434,3.78748580512609,-0.0756681258578347
3.2639024,9.013980,11.407845,10.275175,15.142195,4.2117617408349,-0.345439944526024
3.3160656,9.013980,11.446022,10.209977,15.171315,4.56354017394437,-0.0167714658191187
3.3448448,9.013980,11.388756,10.247233,15.093662,4.43407446164644,-0.40660204259887
3.374888,9.053596,11.398300,10.228605,15.219847,4.23843393037581,-0.183071462259729
3.4138032,9.004075,11.426933,10.284489,15.229554,3.85386422981187,-0.121460358776751
3.4663968,9.073404,11.379212,10.247233,15.219847,4.16392934653147,-0.333559497600589
3.4964864,8.994171,11.446022,10.275175,15.287793,3.69709243073863,0.0946969165831142
3.5375952,9.073404,11.350579,10.312432,15.200434,3.8220236348829,-0.621341900303548
3.5678704,9.063500,11.455566,10.284489,15.248967,4.23246858005454,-0.192290099748014
3.6025504,9.023884,11.417389,10.237919,15.190728,4.26613674584859,-0.145219060386374
3.6289072,8.934747,11.388756,10.256547,15.142195,3.77405488902004,-0.102847450497976
3.6902064,9.023884,11.398300,10.200663,15.035423,4.97957955760527,-0.402989858678843
3.7214944,9.033788,11.436478,10.182034,15.025717,5.35163650681033,-0.317943138297135
3.754024,9.053596,11.417389,10.163406,14.977184,5.64112932075481,-0.463558974360744
3.8025888,9.103117,11.436478,10.219291,15.006304,5.63796770279619,-0.666249276362439
3.8339376,8.994171,11.465111,10.163406,14.986890,5.53853166456853,-0.170703062472104
3.8639712,9.093212,11.493744,10.219291,15.045130,5.71994070559627,-0.436051747475791
3.9189792,9.043692,11.474655,10.182034,15.054836,5.47924412160618,-0.205462066712659
3.94748,9.053596,11.426933,10.247233,15.142195,4.63654884506088,-0.339123293304514
3.9790608,9.033788,11.417389,10.182034,15.161608,4.67622218549372,-0.0733052549540965
4.0274688,9.063500,11.426933,10.293803,15.113075,4.61475975804377,-0.562488493798075
4.070072,9.033788,11.455566,10.265861,15.122782,4.68595737334258,-0.316446538107613
4.1015712,9.004075,11.407845,10.256547,15.132488,4.27918412604804,-0.283506071975559
4.146328,9.023884,11.379212,10.284489,15.200434,3.82978598479054,-0.338845784355222
4.1826928,9.043692,11.436478,10.265861,15.151902,4.51531905567016,-0.323987040824989
4.2140432,8.974363,11.426933,10.265861,15.161608,4.06170834227736,-0.123841297602556
4.2654384,9.013980,11.398300,10.293803,15.200434,3.83883644945643,-0.297256751817955
4.2937472,9.053596,11.493744,10.275175,15.239260,4.45949446357832,-0.0779210289607768
4.326488,9.004075,11.398300,10.219291,15.132488,4.38624725563891,-0.195925646254732
4.365024,9.043692,11.341034,10.256547,15.142195,4.09570450479148,-0.517416615282531
4.4162544,9.043692,11.436478,10.265861,15.122782,4.63797717899746,-0.384882083877852
4.447488,9.023884,11.407845,10.228605,15.132488,4.5007605123165,-0.26003817632116
4.4875696,9.053596,11.426933,10.312432,15.093662,4.56633176598896,-0.628236072112038
4.5191792,9.063500,11.417389,10.256547,15.132488,4.64008287390112,-0.43471710273904
4.560144,9.013980,11.426933,10.228605,15.054836,4.8770264796131,-0.354188963958048
4.6038064,9.033788,11.379212,10.237919,14.977184,5.0204696487579,-0.702118038766141
4.6401488,9.103117,11.417389,10.219291,14.996597,5.5795994514888,-0.726855683790898
4.67,9.093212,11.417389,10.182034,14.996597,5.68626683292925,-0.590939636721508
4.7213296,9.083308,11.541465,10.275175,15.074249,5.55673459781071,-0.407526738508412
4.7628672,9.132829,11.503288,10.293803,15.103369,5.41408038780041,-0.621825881558649
4.7928416,9.093212,11.512832,10.209977,15.132488,5.4888404095516,-0.18682427928966
4.825192,9.063500,11.570098,10.172720,15.190728,5.54331652812004,0.246200558176167
4.8640928,9.103117,11.598731,10.200663,15.190728,5.77909890712896,0.111008841802068
4.8953664,9.013980,11.579642,10.209977,15.122782,5.46528308191752,0.160372198753119
4.926224,9.113021,11.579642,10.209977,15.113075,6.0203033576612,-0.145079473355874
4.9762976,9.113021,11.541465,10.237919,15.132488,5.62230453415391,-0.264408477260751
5.0076256,9.043692,11.551009,10.256547,15.045130,5.60238848462408,-0.280965501918882
5.037656,9.083308,11.541465,10.209977,15.113075,5.6682276442201,-0.139104957765792
5.0815872,9.113021,11.560554,10.219291,15.093662,5.96415371815809,-0.252025924163505
5.1101456,9.103117,11.484199,10.191349,15.025717,5.9228116737962,-0.444793994317841
5.1502496,9.053596,11.522376,10.182034,15.074249,5.69727943643304,-0.0936986118001819
5.2000032,9.093212,11.579642,10.247233,15.113075,5.76017881282856,-0.195209575594134
5.2327568,9.053596,11.598731,10.256547,15.181021,5.32797287908195,0.0726024569186414
5.262872,9.093212,11.627364,10.256547,15.132488,5.88591532211123,-0.0824437524928499
5.2998608,9.073404,11.636908,10.256547,15.161608,5.71003230763244,0.054573133420643
5.3550336,9.231870,11.646453,10.293803,15.200434,6.25552233349127,-0.404824118561351
5.3938928,9.231870,11.818250,10.284489,15.248967,6.9693115510311,0.0756365023518946
5.4354512,9.122925,11.741896,10.014381,14.889825,8.69849002990192,0.26391301242349
5.4662672,9.083308,11.837339,9.595248,14.404498,12.9657492716922,0.791336725806406
5.496336,9.142733,12.047314,9.669760,14.453031,13.7935422767047,0.938498682042706
5.5354832,9.281391,12.305010,9.604562,14.433618,16.171587717105,1.21818222248539
5.5775456,9.429952,12.734505,9.259941,14.055063,22.3288353015068,1.89992417513352
5.60784,9.568610,13.059011,8.878063,13.550323,28.7632357926151,2.25010550685465
5.641992,9.707267,13.507594,8.496186,13.035877,35.9478081098266,2.84460694933699
5.698944,10.192569,14.442937,8.077053,12.550550,46.976269792594,3.56906159585136
5.7301856,10.459980,14.948786,7.713804,12.065223,54.7786259096456,3.89923690393443
5.7652192,10.489692,15.139673,7.434381,11.764321,58.8631823455537,4.43345057926098
5.8116208,10.489692,15.206483,7.257414,11.492538,61.641397981127,4.55786035952341
5.8428512,10.559021,15.235116,6.996620,11.181929,65.301321762926,4.57042198418055
5.8725456,10.667966,15.607344,6.977991,11.181929,67.3461797471852,5.05453485743486
5.9239472,10.796720,15.674154,6.912793,11.026624,69.3967083535881,4.67740159886319
5.9538016,10.915569,16.046383,6.912793,11.094570,70.9168076514975,5.20506309780641
6.0178624,11.123555,16.323168,6.884851,11.094570,72.9268439932642,5.2104269628736
6.0464272,11.064131,16.342256,6.847594,10.978091,73.6632125920529,5.30995499073252
6.0776208,11.113651,16.409067,6.801024,11.016918,74.1458424551404,5.51134876103832
6.107664,11.113651,16.494966,6.791710,11.036331,74.4091130094172,5.7484182421703
6.1574864,11.212692,16.442916,6.726511,10.968385,75.3576009115888,5.40758820776105
6.2010976,11.262213,16.660383,6.773082,10.997504,75.9073757195669,5.6044916276338
6.2323952,11.341446,16.840029,6.651999,10.929559,77.9529608475934,5.95035718009449
6.2785568,11.400870,17.019675,6.651999,11.026624,78.2542238976613,6.31011850768351
6.3098512,11.321637,17.019675,6.512287,10.881026,79.6318685941504,6.6899269331485
6.339832,11.381062,17.265507,6.521602,10.881026,80.669207295913,6.95692705287482
6.3825344,11.390966,17.350603,6.502973,10.910146,80.9447900191631,7.20261906947918
6.4116368,11.351350,17.341148,6.437775,10.677189,82.5248364783242,7.05427833219198
6.4427184,11.390966,17.397878,6.400519,10.842200,82.1107202197607,7.47365311701622
6.4726528,11.390966,17.416788,6.400519,10.725721,82.864193856189,7.28647040073432
6.5255184,11.341446,17.473519,6.251493,10.628656,84.3521412304733,7.81547107133622
6.5575568,11.440487,17.615345,6.298064,10.580123,85.2025655194738,7.5492638253058
6.586592,11.460295,17.624800,6.242179,10.492765,86.1604378801916,7.50975483738169
6.6442992,11.440487,17.757171,6.149038,10.444232,87.3995673711386,8.01614539210589
6.6765328,11.519720,17.984093,6.121096,10.366580,89.0779556711894,8.14379880038731
6.7139728,11.589049,18.088099,6.093154,10.405406,89.5951783633182,8.28834182831554
6.748952,11.549432,18.182649,6.074526,10.444232,89.6574050982949,8.71729559791834
6.7791312,11.499912,18.362296,6.065212,10.492765,89.8557499492455,9.32321525277235
6.8227168,11.420679,18.324475,5.925500,10.483058,90.365815185882,9.90669545799032
6.8601984,11.410774,18.229925,5.944129,10.376286,90.5511370195435,9.50433520476038
6.8928528,11.420679,18.229925,5.916186,10.405406,90.5771098789457,9.61454807119307
6.9213504,11.490007,18.267745,5.972071,10.327754,91.0667365600883,9.15409558392548
6.9835936,11.519720,18.296110,6.046584,10.356873,90.6320157101076,8.94239570871026
7.0137488,11.529624,18.192104,6.009327,10.356873,90.5440467279178,8.83072911206917
7.045096,11.420679,17.984093,5.972071,10.356873,89.7058799791086,8.88758376377475
7.0876592,11.390966,18.031368,6.037269,10.385993,89.1923534516428,8.92270823715115
7.1265568,11.450391,18.211014,6.083840,10.473352,89.1894550460801,9.09931862286358
7.1566016,11.519720,18.315020,6.046584,10.492765,89.8761615046655,9.23165822237105
7.198968,11.598953,18.305565,6.139724,10.521884,89.3761769990345,8.74384139554236
7.2265808,11.430583,18.154284,5.981385,10.463645,89.6086479665646,9.35032622275273
7.268968,11.420679,18.135374,6.027955,10.473352,89.1718120102376,9.22024177151222
7.3000224,11.460295,18.154284,6.065212,10.473352,89.1442344338166,9.01974478204438
7.3487168,11.499912,18.107009,6.139724,10.560710,88.1473632977984,8.74613552014584
7.3799248,11.539528,18.163739,6.111782,10.502471,88.9873043333055,8.70773012870838
7.4114384,11.529624,18.125919,6.121096,10.521884,88.6549075111336,8.67498327003006
7.4615856,11.390966,17.984093,6.055898,10.405406,88.801742373247,8.81258644018246
7.492848,11.509816,18.125919,6.055898,10.463645,89.3298503389739,8.82513521897729
7.5256544,11.480103,18.125919,6.121096,10.512178,88.5464321288282,8.80782579312489
7.572696,11.450391,18.078643,6.055898,10.405406,89.3223693826736,8.80853885504698
7.6028816,11.430583,18.003003,6.139724,10.473352,88.0847501150617,8.59770993810541
7.6352816,11.410774,18.003003,6.074526,10.424819,88.702959799462,8.76680534500139
7.6790704,11.420679,17.927362,6.037269,10.337460,89.2352785045075,8.54171012384138
7.7152544,11.490007,18.116464,6.121096,10.395699,89.2480841566294,8.54053683687925
7.7452064,11.499912,18.107009,6.121096,10.473352,88.7824438561473,8.63882597636402
7.781592,11.490007,18.050278,6.093154,10.473352,88.7258379079308,8.64760421751327
7.8162544,11.341446,18.040823,6.093154,10.473352,88.1908018055219,9.08575714737378
7.8463136,11.440487,17.946272,6.037269,10.395699,89.0130530982035,8.62735886353764
7.8791392,11.390966,18.031368,6.083840,10.463645,88.441430325307,8.92594669104257
7.9301936,11.420679,17.993548,6.158352,10.424819,88.1989440736012,8.46128932898606
7.9691232,11.440487,17.974638,6.121096,10.347167,88.8954399257303,8.33147697727563
8.0028672,11.509816,17.936817,6.046584,10.308340,89.6892646301315,8.20137113550826
8.0601728,11.440487,18.021913,6.093154,10.424819,88.7551212693321,8.65409982718205
8.09408,11.351350,17.861177,6.037269,10.327754,88.8334018801567,8.61114587139603
8.1487824,11.361254,17.917907,6.074526,10.366580,88.5981640490871,8.64749283421631
8.1851648,11.579144,17.984093,6.232865,10.424819,88.2558355608761,7.73343282579902
8.2190688,11.509816,17.984093,6.176981,10.347167,88.8244001615381,7.96647436090388
8.2616944,11.470199,17.917907,6.065212,10.298634,89.4371919925646,8.21120828888184
8.3061824,11.460295,17.936817,6.111782,10.288927,89.2437714311383,8.11619214545953
8.3361024,11.499912,18.050278,6.121096,10.424819,88.8831848472843,8.44025181997504
8.3800304,11.420679,18.031368,6.074526,10.434525,88.7739384166794,8.80831043430266
8.4088912,11.549432,17.965183,6.130410,10.385993,88.941030649219,8.0255947589379
8.4375216,11.519720,18.059733,6.149038,10.405406,88.9304532948565,8.2756606065888
8.4689744,11.519720,18.088099,6.130410,10.385993,89.2549777419362,8.34942438961739
8.5315696,11.529624,17.984093,6.167667,10.385993,88.7134684764883,8.00835434565617
8.5702544,11.470199,18.021913,6.158352,10.483058,88.1129432060092,8.47365928392179
8.6051936,11.410774,17.993548,6.139724,10.473352,87.9854062689913,8.64052824168232
8.6416784,11.529624,17.936817,6.093154,10.473352,88.47626189958,8.31190372753215
8.6712928,11.410774,17.861177,6.121096,10.395699,88.1152749675781,8.29905745412955
8.7065952,11.470199,17.993548,6.139724,10.473352,88.1870107271891,8.45862635625215
8.752712,11.440487,17.993548,6.121096,10.473352,88.1982891539134,8.60656338771131
8.7840784,11.420679,18.040823,6.065212,10.385993,89.1555580960597,8.76308887721375
8.8152,11.499912,18.031368,6.111782,10.473352,88.5833944436305,8.52468228116669
8.8578256,11.430583,17.955728,6.158352,10.385993,88.3381273601527,8.28550735205716
8.886376,11.420679,17.898997,6.037269,10.405406,88.7265036911117,8.61700558170329
8.9164752,11.499912,18.021913,6.149038,10.405406,88.7361221242951,8.26446334549857
8.9488032,11.490007,17.984093,6.186295,10.385993,88.4673772755532,8.07235486224838
8.9875344,11.490007,17.880087,6.111782,10.385993,88.5642625927994,8.10209475474121
9.0202032,11.490007,17.917907,6.195609,10.415112,88.0117664607621,7.97342580421129
9.0489424,11.460295,17.880087,6.176981,10.424819,87.8357563844838,8.06750998755844
9.0939744,11.430583,17.842267,6.176981,10.424819,87.605414814925,8.08632891088776
9.1302,11.470199,17.898997,6.149038,10.521884,87.5185105534551,8.34303289541481
9.162544,11.470199,17.832812,6.251493,10.424819,87.2604444682534,7.71961342065122
9.2203072,11.460295,17.927362,6.149038,10.424819,88.1648152768121,8.2429404520472
9.2528288,11.480103,17.955728,6.232865,10.405406,87.9410097590745,7.94355711279121
9.285552,11.460295,17.889542,6.102468,10.366580,88.669239914426,8.20275483177867
9.325264,11.400870,17.898997,6.139724,10.415112,87.9807211819908,8.38124897530575
9.3553008,11.400870,17.898997,6.158352,10.444232,87.6929238221562,8.37944385121482
9.3849936,11.480103,17.917907,6.176981,10.463645,87.7984084777323,8.15279397348582
9.415,11.529624,18.003003,6.204923,10.434525,88.2617616525076,8.02299572487584
9.4655872,11.509816,17.889542,6.260807,10.492765,87.1263389553541,7.80844756127396
9.4991968,11.499912,17.936817,6.176981,10.415112,88.2215919398839,8.03603061278654
9.5389328,11.549432,17.946272,6.176981,10.385993,88.5965233673962,7.84765215565007
9.5790288,11.480103,17.965183,6.186295,10.483058,87.7866140856682,8.25086206299796
9.6089104,11.569240,18.003003,6.195609,10.531591,87.8703678051954,8.1146851696088
9.6400224,11.490007,17.936817,6.251493,10.483058,87.3335153375814,7.96835166809928
9.6801968,11.529624,17.804446,6.316692,10.424819,86.9758231630475,7.28651663525291
9.7112976,11.470199,17.804446,6.335320,10.512178,86.1396367479951,7.57734326712676
9.7400912,11.539528,17.709896,6.335320,10.434525,86.5167007014129,7.03709298397211
9.772552,11.539528,17.700441,6.335320,10.463645,86.3102246200531,7.07491945937599
9.8302464,11.589049,17.757171,6.353948,10.512178,86.2738203963673,7.07087033415137
9.8639712,11.559336,17.804446,6.270121,10.405406,87.4724487859615,7.30042896445119
9.8952032,11.598953,17.832812,6.326006,10.453938,87.0791561029361,7.15864728356724
9.9341408,11.608857,17.757171,6.316692,10.463645,86.8528379702382,7.03050178955169
9.9665776,11.579144,17.766626,6.288750,10.415112,87.2411768192184,7.12991638515993
9.9991184,11.490007,17.719351,6.307378,10.483058,86.2560775322812,7.38354687317529
10.0403632,11.539528,17.776081,6.251493,10.453938,87.1288269521726,7.45580159969747
10.069008,11.539528,17.728806,6.288750,10.473352,86.6278254067064,7.2892500832452
10.09912,11.499912,17.662620,6.400519,10.453938,85.7127232561625,6.90595330216228
10.1416064,11.499912,17.719351,6.409833,10.580123,85.1027842896964,7.22895024529887
10.1901152,11.648473,17.568070,6.502973,10.667482,84.0280611102458,6.37961599393361
10.2213088,11.598953,17.473519,6.577486,10.735428,82.6926622645192,6.25366917304231
10.2577168,11.589049,17.558614,6.605428,10.745135,82.7342674807636,6.38203632033623
10.303632,11.499912,17.407333,6.419147,10.628656,83.6772085918201,6.69398853783634
10.3324352,11.430583,17.492429,6.353948,10.473352,85.0453159270407,6.96656699058598
10.3650352,11.390966,17.416788,6.260807,10.395699,85.6699141633864,7.07469336968084
10.4036976,11.351350,17.341148,6.279435,10.327754,85.5649920657189,6.85872706382997
10.4337712,11.697994,17.813901,6.456403,10.618950,85.600919929324,6.74866766014177
10.4913216,11.846555,17.568070,6.689255,10.706308,83.3947870881449,5.31405696347228
10.5365728,11.390966,16.650928,6.437775,10.269514,82.6435798817957,4.75847183099771
10.5704352,11.182980,16.424006,6.391204,10.065677,82.5899483071851,4.6628337905525
10.6075744,11.232500,16.669838,6.419147,10.327754,81.8975680797953,5.4594601135987
10.647848,11.361254,16.773843,6.577486,10.521884,80.6247903434461,5.17856839509603
10.6812656,11.272117,16.754933,6.558858,10.531591,80.2860633585455,5.48874330119976
10.733824,11.153268,16.669838,6.642685,10.890733,76.9215909067584,6.13965671443197
10.7702096,10.965089,16.580864,6.987305,11.589603,69.9064470942073,6.85266184851207
10.8291152,10.776911,15.788686,7.928027,13.064996,53.1737841172585,5.92403057051181
10.8802832,10.321322,14.557469,8.607955,13.686215,39.6679916346097,4.10662276195267
10.9115584,9.677555,13.536227,8.952576,14.132715,28.4067264362024,3.8529027292964
10.9428384,9.429952,13.106733,9.204056,14.656868,21.6267378212199,4.0286891267469
10.9964976,9.261582,12.877669,9.343767,14.977184,17.6393813579151,4.29269482009003
11.023776,8.954555,12.314555,9.809471,15.831359,7.6294061738213,4.39682429688273
11.0551072,8.766377,12.142757,10.042323,16.258447,3.08037211583369,4.76054299526704
11.1016432,8.647527,12.028225,10.200663,16.520523,0.191525023037027,4.92903188784499
11.1462832,8.439541,11.560554,10.666367,17.462057,-8.75836216084682,5.08634629803731
11.19772,8.211746,11.283769,10.778136,17.792079,-13.0688161764481,5.51847952908469
11.2387888,7.944335,10.672932,11.215897,18.374471,-21.4741951492609,4.977958990688
11.268608,7.785870,10.415236,11.346294,18.490950,-24.6360474537297,4.79183767656247
11.3035488,7.676924,10.233894,11.411493,18.529776,-26.6241844350342,4.64682054988344
11.3513792,7.676924,10.138451,11.486006,18.481243,-27.2534716398446,4.15905796075495
11.3799344,7.627404,9.947564,11.476691,18.335645,-28.1033961608787,3.67933272625514
11.4211152,7.696733,10.004830,11.569832,18.384178,-27.8571684303671,3.41945837323071
11.4725808,7.716541,10.081185,11.439435,18.287112,-26.5366576248153,3.69534628057638
11.5050368,7.835390,10.262527,11.402179,18.092982,-24.0399558329042,3.43732614628251
11.5340848,7.914623,10.434324,11.402179,18.092982,-22.631986920237,3.54329145016869
11.5737792,8.033472,10.520223,11.355608,17.966797,-20.8911774962394,3.26059219942522
11.606528,8.162226,10.768375,11.187955,17.675601,-17.188830147773,3.28785059414844
11.6351728,8.330596,10.968806,11.057558,17.500883,-14.0802866840661,3.22978258988671
11.6678816,8.300883,11.092882,11.029616,17.452350,-13.292082038313,3.53886587925441
11.706352,8.568294,11.369667,10.815392,17.219394,-8.73490648275866,3.47225294989731
11.7499088,8.469253,11.379212,10.834020,16.937904,-8.21710345896415,3.17559900317316
11.781336,8.538582,11.369667,10.740879,16.811719,-7.06499158688234,2.97931295819132
11.830072,8.647527,11.341034,10.731565,16.598175,-5.78291592503695,2.22023768458019
11.8589232,8.647527,11.379212,10.796764,16.452577,-5.26989387079103,1.82240762166036
11.8900176,8.706952,11.379212,10.768821,16.404045,-4.65925269913285,1.63668913521409
11.9415728,8.805993,11.321946,10.778136,16.200207,-3.67849996186929,0.807558969420317
11.9802096,8.805993,11.369667,10.722251,15.938131,-2.16979130193469,0.532681032557065
12.0129104,8.865418,11.331490,10.657053,15.889598,-1.60392493277784,0.372755830309295
12.0627328,8.825801,11.331490,10.554598,15.773120,-0.932349343084468,0.539950343801202
12.1126016,8.776281,11.283769,10.526655,15.773120,-1.3335805389999,0.664235776197003
12.1478512,8.914938,11.369667,10.610482,15.802239,-0.605525247206423,0.264077462286966
12.1848704,8.855514,11.293313,10.601168,15.821652,-1.36034892020098,0.343330919724409
12.2149168,8.825801,11.283769,10.610482,15.685761,-1.05719315713696,0.103156003229316
12.2461616,8.835705,11.283769,10.563912,15.744000,-1.05201082110539,0.327592412254283
12.286128,8.776281,11.264680,10.582540,15.782826,-1.69943771917887,0.484797794373566
12.3198528,8.845610,11.331490,10.619796,15.802239,-1.20814007744606,0.35683493337897
12.3476432,8.875322,11.283769,10.526655,15.734294,-0.652777729615149,0.300922940028329
12.393904,8.815897,11.302857,10.508027,15.705174,-0.672248272139356,0.503849793411444
12.4501344,8.805993,11.255136,10.489399,15.744000,-1.05922052898815,0.56749091634434
12.4800864,8.776281,11.312401,10.526655,15.744000,-1.06417963511964,0.663239222426689
12.5214,8.805993,11.379212,10.535969,15.811946,-0.866739849686713,0.826559546815847
12.5528208,8.756473,11.407845,10.452143,15.734294,-0.322862932767343,1.10962293724444
12.5828096,8.756473,11.331490,10.470771,15.753707,-0.880907117225583,0.939747493534817
12.6175984,8.815897,11.493744,10.461457,15.811946,0.0886247620811496,1.24435099373256
12.654288,8.815897,11.484199,10.433515,15.734294,0.467456890578532,1.14766421365647
12.685224,8.835705,11.493744,10.321746,15.705174,1.19676286438586,1.37271494908681
12.7153968,8.815897,11.503288,10.303118,15.627522,1.5381161099684,1.34513479432257
12.756632,8.835705,11.493744,10.303118,15.578989,1.79182375196818,1.16935234514159
12.7851952,8.905034,11.512832,10.359002,15.598402,1.94490843298484,0.887102945792069
12.8154592,8.934747,11.570098,10.349688,15.578989,2.51683675070122,0.905756625057649
12.8575952,8.924843,11.579642,10.312432,15.569283,2.70854930620448,1.04095920835083
12.8966512,8.964459,11.531921,10.331060,15.462511,3.03070918721601,0.557470069865396
12.9441376,8.905034,11.608275,10.312432,15.511043,2.99512876727653,1.03758895935643
12.9950528,8.914938,11.589187,10.293803,15.530456,2.94404165572642,1.06337919207144
13.037808,8.895130,11.589187,10.284489,15.520750,2.9195032063337,1.1275243655308
13.0702064,8.964459,11.646453,10.303118,15.462511,3.74207966410854,0.872290180815181
13.1116096,8.954555,11.608275,10.237919,15.530456,3.48101804778524,1.14919073946878
13.1739488,8.954555,11.703718,10.284489,15.617815,3.42189560538586,1.38642328857671
13.202864,8.944651,11.675086,10.275175,15.501337,3.74269292144624,1.1471831084376
13.2428688,8.924843,11.655997,10.265861,15.481924,3.66004442199718,1.15263989079708
13.2727472,8.905034,11.713263,10.237919,15.481924,3.97056270838016,1.40698297021122
13.30368,8.984267,11.684630,10.256547,15.472217,4.19561870712466,1.04692218987367
13.3461552,8.944651,11.665541,10.247233,15.423685,4.13214470001763,1.0498643550314
13.39628,8.875322,11.617820,10.219291,15.404271,3.72055679165074,1.19371018039312
13.4277776,8.924843,11.617820,10.219291,15.384858,4.05967619869375,1.01063275829459
13.4677664,8.914938,11.665541,10.237919,15.404271,4.0975994444999,1.12283141740108
13.496352,8.895130,11.636908,10.256547,15.404271,3.76795268241524,1.06768204679387
13.5275648,8.944651,11.675086,10.256547,15.481924,3.90060524907397,1.16129561058756
13.5578544,9.013980,11.675086,10.284489,15.423685,4.38559192130253,0.762741868930739
13.6089088,8.875322,11.646453,10.126150,15.394565,4.299978142819,1.50277282614126
13.6517024,8.924843,11.684630,10.144778,15.423685,4.55622520268636,1.44228398296929
13.7063792,8.954555,11.655997,10.209977,15.404271,4.37040984709596,1.06960241860297
13.7403184,8.944651,11.627364,10.265861,15.404271,3.93713158190518,0.878354475536007
13.7816736,9.004075,11.675086,10.303118,15.481924,4.01503296530587,0.856606236140134
13.8340128,8.934747,11.665541,10.303118,15.404271,3.92890946691948,0.877718830955274
13.8752608,8.914938,11.627364,10.163406,15.355739,4.41351698577601,1.16098697184602
13.9239776,8.934747,11.694174,10.209977,15.423685,4.38466348752489,1.24442453309272
13.9652624,9.033788,11.703718,10.182034,15.481924,4.82004299917069,1.17747358354545
13.99508,8.934747,11.722807,10.247233,15.423685,4.37767531864334,1.19526224946286
14.0328784,8.994171,11.732351,10.247233,15.355739,5.01800201796317,0.904902316057772
14.0867616,9.043692,11.713263,10.209977,15.433391,5.00629525859738,0.989181883630447
14.1165104,8.974363,11.684630,10.172720,15.384858,4.85862442303372,1.13884972151472
14.1600784,8.994171,11.760984,10.256547,15.423685,4.84325068156675,1.07510885071174
14.1976784,9.053596,11.799162,10.172720,15.404271,5.77697899656834,1.18346104193544
14.2302208,9.023884,11.770529,10.219291,15.452804,5.07944787341265,1.17542939840398
14.258856,9.063500,11.818250,10.191349,15.520750,5.36150105676235,1.37635886381966
14.3198608,9.043692,11.770529,10.200663,15.413978,5.42129934807494,1.093074178201
14.3651104,9.023884,11.885061,10.154092,15.433391,6.0213380957201,1.55589695473998
14.4113328,9.004075,11.818250,10.182034,15.365445,5.74420657784113,1.25910399897031
14.4413168,9.033788,11.846883,10.182034,15.355739,6.08472362751645,1.21201212230152
14.4713424,9.063500,11.856428,10.163406,15.413978,6.1199164191383,1.31775458854467
14.5046928,9.023884,11.818250,10.116836,15.384858,6.03826806221261,1.42953345084363
14.5428848,9.004075,11.760984,10.172720,15.404271,5.32558623922335,1.24843052526886
14.5752208,8.994171,11.780073,10.237919,15.423685,5.01932712721126,1.16751041597007
14.6079584,9.033788,11.818250,10.219291,15.423685,5.49730342994972,1.18475199567934
14.6551392,9.004075,11.799162,10.219291,15.326619,5.65254184442368,1.03378557282954
14.6951376,8.944651,11.694174,10.182034,15.375152,4.7557320842294,1.19748457940502
14.7262928,8.984267,11.665541,10.209977,15.365445,4.73633584945878,0.923930516663237
14.7664176,9.023884,11.713263,10.209977,15.365445,5.18812536252526,0.907434252651242
14.797944,9.023884,11.780073,10.219291,15.413978,5.29063044112765,1.11589014280699
14.8289776,8.994171,11.703718,10.237919,15.413978,4.66570462382033,0.992176086841798
14.8614928,8.924843,11.760984,10.200663,15.404271,4.7994241234026,1.39651765730122
14.8991952,8.974363,11.741896,10.219291,15.472217,4.5955175567695,1.29920865254925
14.9329072,9.043692,11.751440,10.163406,15.491630,5.15431516823664,1.31929656416459
14.9915776,9.004075,11.789617,10.237919,15.462511,4.95765486320028,1.23729782623705
15.0256848,9.023884,11.732351,10.200663,15.452804,4.96043466921681,1.15137319164807
