0.0476144,9.531631,11.174755,11.807575,15.979894,1.41947979205603,-0.202935997084435
0.0801888,9.492016,11.107930,11.779636,16.028430,0.795257598179475,-0.0626774353872275
0.108848,9.472209,11.069744,11.742385,15.921651,1.04656223148839,-0.212682159981957
0.1775888,9.462305,11.060198,11.742385,15.950773,0.83487934362779,-0.145723473866534
0.2101856,9.422691,11.107930,11.807575,15.970187,0.553894864236426,-0.0739719643218475
0.247584,9.442498,11.060198,11.761010,16.047845,0.29154369697185,0.0588757494561047
0.29612,9.511824,11.088837,11.835513,16.057552,0.475949549584328,-0.241434245819159
0.3400416,9.452402,11.136569,11.798262,16.096381,0.409917716858139,0.192250448724455
0.3900416,9.442498,11.127023,11.779636,16.047845,0.564969700205566,0.147810575486172
0.4237856,9.462305,11.060198,11.835513,16.096381,-0.0731852881930095,-0.0898935019051663
0.4537664,9.432594,11.127023,11.826201,16.096381,0.153123011382299,0.151093655558714
0.4950752,9.472209,11.098383,11.872765,16.164331,-0.22316097871969,0.00496558914083067
0.5289376,9.442498,11.107930,11.891391,16.106088,-0.177361180861951,-0.0662634459705576
0.5564304,9.422691,11.088837,11.826201,16.144917,-0.278057463994401,0.198588339169916
0.5875968,9.462305,11.098383,11.788949,16.164331,0.042438389616656,0.252002940605665
0.6276016,9.462305,11.146116,11.807575,16.125502,0.36414745463383,0.22115901680449
0.6673824,9.501920,11.107930,11.854139,16.076966,0.378947632558841,-0.184746819136222
0.6976032,9.482113,11.098383,11.816888,16.067259,0.40617533612685,-0.074265420320291
0.7636128,9.521727,11.136569,11.872765,16.096381,0.483356746624018,-0.186539278462963
0.800472,9.402884,11.002919,11.751697,16.009016,-0.0261746535231637,-0.0108367001803646
0.8372944,9.432594,10.964733,11.779636,15.960480,0.00838037077631526,-0.344367584971799
0.8810384,9.442498,11.079291,11.751697,15.989601,0.64735991110728,0.0023887418414219
0.9123104,9.412787,11.050651,11.816888,16.047845,-0.123380049793695,-0.0301578680301837
0.9538112,9.373173,11.031558,11.788949,16.018723,-0.210391814817235,0.048810735845267
1.0048864,9.412787,11.107930,11.798262,15.999309,0.427420495004988,0.0372459692494864
1.0335696,9.442498,11.146116,11.844826,16.038138,0.452385876962559,-0.00500874690997755
1.0661648,9.442498,11.069744,11.770323,15.970187,0.601128805978348,-0.107065486523876
1.1075056,9.422691,11.117476,11.770323,15.960480,0.782153640703861,0.0243198530680022
1.1363776,9.422691,11.098383,11.807575,16.038138,0.24622102960749,0.0470218703371081
1.1675072,9.383076,11.041105,11.770323,16.028430,-0.0757686962822817,0.111905534714792
1.2087872,9.462305,11.041105,11.807575,15.999309,0.302728494289454,-0.256969272683431
1.2389392,9.432594,11.022012,11.844826,16.038138,-0.238148531989538,-0.235891775522553
1.2714048,9.412787,10.964733,11.798262,16.038138,-0.460531140840217,-0.179415668990094
1.2999744,9.392980,10.983826,11.872765,16.009016,-0.636327335928314,-0.344988019533766
1.3387824,9.432594,10.993372,11.807575,16.038138,-0.244938049755369,-0.196937167937095
1.3774656,9.472209,10.936093,11.826201,15.999309,-0.259668584731457,-0.550999303948455
1.4113632,9.343462,10.955186,11.816888,16.047845,-0.977575126098841,-0.0446619438305333
1.4511488,9.402884,10.926547,11.844826,16.009016,-0.776288428834782,-0.416690961386141
1.482392,9.392980,10.936093,11.788949,16.028430,-0.639787465464948,-0.182072029904369
1.5214736,9.392980,10.993372,11.854139,16.009016,-0.516251479820738,-0.275879118367648
1.5650432,9.412787,10.993372,11.826201,16.086674,-0.602001430858955,-0.0930415960897655
1.6224336,9.452402,11.117476,11.835513,16.144917,-0.0129605438672513,0.15459254357806
1.6564176,9.432594,11.079291,11.854139,16.164331,-0.454964218082893,0.119040595516857
1.7076112,9.452402,11.155662,11.844826,16.106088,0.294788270807537,0.128714957381089
1.7361392,9.501920,11.069744,11.770323,16.057552,0.574493520639045,-0.0830008588161935
1.7702016,9.501920,11.136569,11.798262,16.106088,0.627275845109452,0.0815950538696839
1.8175168,9.492016,11.107930,11.854139,16.028430,0.512101554473837,-0.25908503829533
1.8476096,9.472209,11.155662,11.854139,16.057552,0.544985301361173,-0.0480673375264296
1.88004,9.541534,11.165209,11.816888,16.038138,1.16410157831194,-0.152849123355217
1.92856,9.442498,11.107930,11.816888,16.047845,0.325189113044416,0.00988085881806988
1.9622992,9.501920,11.155662,11.816888,16.067259,0.801798286245642,-0.00817795249138698
1.9936624,9.472209,11.136569,11.788949,16.067259,0.657553684842284,0.104471359352008
2.0400784,9.501920,11.117476,11.844826,16.096381,0.389685030526479,-0.100434711424372
2.0724352,9.492016,11.117476,11.835513,16.067259,0.484486356083544,-0.109986869279249
2.1015072,9.442498,11.098383,11.723759,16.038138,0.667227918190818,0.216537077121327
2.1324656,9.422691,11.022012,11.770323,15.970187,0.252209078134257,-0.15383615726909
2.1724192,9.462305,11.041105,11.816888,16.047845,0.0829372293348172,-0.180809342238463
2.203688,9.541534,11.050651,11.826201,16.067259,0.430919781073875,-0.354081778737999
2.2574416,9.452402,11.079291,11.826201,16.018723,0.303930684300283,-0.160455596840757
2.2999232,9.472209,11.079291,11.835513,16.057552,0.22320925731384,-0.156843787765697
2.3350352,9.531631,11.127023,11.826201,16.096381,0.661501633002288,-0.109894674745119
2.3687824,9.442498,11.107930,11.798262,16.076966,0.28535360600015,0.119274979282064
2.4362144,9.383076,11.107930,11.798262,16.106088,-0.131254834805482,0.336608884616627
2.4788896,9.521727,11.079291,11.891391,16.106088,0.0825799848915949,-0.333669657377216
2.5275648,9.422691,11.069744,11.826201,16.125502,-0.303099091767599,0.119157761943091
2.5587616,9.442498,10.993372,11.844826,16.028430,-0.298199708601629,-0.341723252954264
2.5887072,9.432594,11.060198,11.910017,16.125502,-0.617613284555112,-0.147700454930757
2.638832,9.442498,11.069744,11.863452,16.018723,0.0623059476706231,-0.252410010202004
2.670072,9.472209,11.098383,11.798262,16.057552,0.462806010398104,-0.0190603389963275
2.7049104,9.501920,11.088837,11.910017,16.106088,-0.0404131819862954,-0.310839013171934
2.7525216,9.422691,11.012465,11.835513,16.028430,-0.266576434731697,-0.225116803911872
2.7838496,9.373173,11.022012,11.863452,16.018723,-0.542584032477663,-0.168393076491572
2.8124464,9.402884,10.993372,11.742385,16.038138,-0.15105117796336,0.0545676298791982
2.8476064,9.462305,11.050651,11.816888,15.970187,0.427356237310022,-0.322258997845555
2.8961152,9.492016,11.050651,11.863452,16.057552,0.0718792285420733,-0.341931271054584
2.9547488,9.501920,11.060198,11.891391,16.047845,0.102927116343608,-0.441768746269085
2.9874096,9.442498,11.098383,11.835513,16.135210,-0.125410995565602,0.121378891399964
3.0173488,9.422691,11.127023,11.863452,16.115795,-0.112178088615806,0.118942530266873
3.0475296,9.422691,11.107930,11.798262,16.076966,0.183363593703369,0.171648750119394
3.0889904,9.472209,11.107930,11.733072,16.086674,0.649001311050085,0.233157404147544
3.1202304,9.501920,11.117476,11.900704,16.076966,0.251735334368107,-0.287390048688334
3.1525248,9.412787,11.079291,11.882078,16.038138,-0.185811344580436,-0.163140249691635
3.1848672,9.392980,11.002919,11.798262,15.960480,-0.0699889551049537,-0.209110712731626
3.2211344,9.452402,11.098383,11.751697,16.067259,0.500965140022394,0.176476716960089
3.252424,9.432594,11.136569,11.844826,16.125502,0.0215457539125339,0.181610629668546
3.2824,9.492016,11.155662,11.816888,16.135210,0.493473649511714,0.157882610677484
3.3223392,9.511824,11.174755,11.816888,16.115795,0.766188230180376,0.105062033885311
3.3602144,9.482113,11.165209,11.826201,16.096381,0.603435388932745,0.099169914404408
3.3965072,9.501920,11.184302,11.844826,16.154624,0.511705780690825,0.157037171254428
3.4348944,9.462305,11.184302,11.788949,16.135210,0.593796901030935,0.368791639523582
3.4650576,9.482113,11.117476,11.826201,16.057552,0.505778079511565,-0.0794162334059614
3.4999552,9.432594,11.155662,11.742385,16.028430,0.877071932133951,0.29171719959111
3.5474576,9.462305,11.069744,11.770323,15.999309,0.592232390089244,-0.0990276925382805
3.588696,9.541534,11.146116,11.788949,16.067259,1.06191538066163,-0.0586246262285783
3.6200816,9.482113,11.107930,11.770323,15.970187,1.00184855956903,-0.132596595578544
3.6518624,9.482113,11.184302,11.761010,16.057552,1.09636434225572,0.230519353135479
3.6900496,9.422691,11.155662,11.770323,16.106088,0.424512179551868,0.404016466194721
3.7210896,9.482113,11.165209,11.751697,16.038138,1.10789731026215,0.175733025883314
3.7522176,9.482113,11.136569,11.677194,16.057552,1.17104147842734,0.353963474400619
3.7923072,9.472209,11.203395,11.788949,16.009016,1.22188627071357,0.122179877128461
3.8336896,9.472209,11.069744,11.705133,15.911944,1.22647728012486,-0.134159606526367
3.8739744,9.452402,11.174755,11.807575,16.028430,0.828691539578969,0.106264485211144
3.9247632,9.462305,11.127023,11.807575,16.038138,0.597512333112043,0.00157288667691446
3.9648224,9.432594,11.136569,11.807575,16.038138,0.493832668872933,0.0997892856265086
3.994736,9.482113,11.184302,11.844826,16.125502,0.520450948338869,0.149320439372321
4.0462624,9.492016,11.203395,11.751697,16.018723,1.42833064519608,0.18827918777529
4.087536,9.472209,11.155662,11.770323,16.018723,1.01110616849215,0.0928793691845549
4.1190304,9.482113,11.117476,11.798262,16.018723,0.759480756047864,-0.0860349459580103
4.1725072,9.442498,11.212941,11.751697,16.086674,0.964747800597806,0.478755101248513
4.2510816,9.501920,11.165209,11.705133,15.960480,1.68408906931102,0.0860284794923416
4.291064,9.521727,11.212941,11.826201,15.960480,1.56710611346845,-0.187071598221236
4.3311104,9.492016,11.165209,11.770323,16.018723,1.16168631552139,0.0602719245309995
4.3650544,9.561342,11.203395,11.826201,15.989601,1.60966118267126,-0.25077226779058
4.4011488,9.492016,11.155662,11.733072,15.941065,1.55166524607706,-0.0216870694568314
4.4324624,9.501920,11.222488,11.723759,15.911944,2.09216161495308,0.0548308539383839
4.4625424,9.511824,11.212941,11.705133,15.814872,2.53899136356997,-0.143193564513618
4.5051392,9.452402,11.193848,11.677194,15.766336,2.43152775344965,-0.0521657309507777
4.5337504,9.551438,11.289313,11.621317,15.746921,3.71880091206568,-0.0085654347565427
4.5651184,9.511824,11.317953,11.546814,15.776043,3.83918759432486,0.414580269354744
4.5974048,9.541534,11.422964,11.565440,15.805164,4.33896939610365,0.562993136269949
4.6364832,9.551438,11.470696,11.509562,15.892529,4.50868695789614,0.962698482191598
4.668624,9.541534,11.556615,11.528188,15.911944,4.74509425491428,1.15474112076001
4.6986768,9.501920,11.642533,11.537501,16.009016,4.56665543774719,1.60699315586098
4.738576,9.561342,11.699812,11.528188,16.028430,5.11334772765547,1.6288622701635
4.7836368,9.521727,11.776184,11.481624,16.047845,5.40220547356351,2.05065635400841
4.8210272,9.501920,11.747544,11.453685,16.018723,5.38064660931661,2.06170745194405
4.8736496,9.591053,11.718905,11.462998,16.047845,5.53450093362272,1.8006648186233
4.902248,9.630667,11.766637,11.537501,16.038138,5.71962332921652,1.57483974887779
4.9322592,9.620764,11.747544,11.574753,15.960480,5.73137211393964,1.30747568830171
4.9747968,9.660378,11.814370,11.574753,16.038138,5.96070660207063,1.49408373779585
5.004888,9.600956,11.862102,11.435059,16.067259,6.33031748267741,2.17496069792099
5.0349408,9.650474,11.900288,11.472311,16.009016,6.84659249096114,1.9047509621272
5.0649472,9.620764,11.957567,11.425746,15.970187,7.31504032061679,2.14387863671066
5.116112,9.690089,12.024392,11.379182,16.028430,7.94103237498554,2.33310426559248
5.1565312,9.759414,12.186683,11.425746,16.135210,8.4784345477509,2.55980776637495
5.1890368,9.818836,12.243961,11.509562,16.096381,8.87095800438656,2.21989693955494
5.228648,9.907969,12.415798,11.295366,15.999309,11.3433087324926,2.69532342002257
5.2649632,9.997102,12.482624,11.323305,15.843993,12.591357712721,2.21377240457033
5.3112208,10.036716,12.597181,11.332618,15.834286,13.3264289671335,2.2921105071124
5.3513376,10.214982,12.683100,11.332618,15.766336,14.8420015059209,1.86316011606087
5.381,10.224885,12.568542,11.183611,15.436290,16.2675057045591,1.34424715313032
5.4124128,10.214982,12.635367,11.043918,15.329511,17.5373594133733,1.65677742475335
5.4659664,10.432862,13.055413,11.127734,15.640142,18.9045592450496,2.31083146039272
5.5087472,10.195174,12.826297,10.885599,15.436290,18.5518694858941,2.71848099164269
5.547664,10.195174,12.921762,10.904225,15.620727,18.169692388168,3.21870724728325
5.5850624,10.155560,13.036320,10.969415,15.950773,16.9253828656548,4.01158049975229
5.6188304,10.264500,13.084052,11.099795,16.144917,16.3603047570227,3.84722954147206
5.6463808,10.284307,13.093598,11.155673,16.154624,16.2367829419775,3.68712245360033
5.6863376,10.234789,13.007680,11.006667,15.979894,16.8948594418758,3.70666190320348
5.72736,10.353633,13.446818,10.978728,16.319647,18.2125440939541,4.94228376389389
5.7585376,10.323922,13.590016,11.015980,16.445841,18.0819006393971,5.42188996468944
5.8062032,10.234789,13.532737,11.034605,16.465255,17.271364361057,5.53526343978137
5.839208,10.304114,14.172351,11.043918,17.164174,17.6982433012192,7.73936035105235
5.8710096,10.294211,14.172351,11.043918,17.183589,17.5805542195816,7.79888696555944
5.9047776,10.244693,14.048247,11.006667,17.212710,16.8447719367962,7.85607009072017
5.9410272,10.343729,14.172351,11.192924,17.746607,15.1174817153839,8.26745374439777
5.9735408,10.244693,14.277362,11.230176,17.892215,14.4666685050708,8.85340495276104
6.0147792,10.393247,14.325095,11.090483,17.969873,15.5529604149077,9.04368681722275
6.0638944,10.482380,14.401467,11.109108,18.231968,15.236790559228,9.34012428667575
6.1048864,10.353633,14.535117,10.922851,18.329040,15.5853345289685,10.5253616486261
6.1399024,10.244693,14.516025,10.587587,18.212553,16.7049777743328,11.4463606591964
6.1750496,10.056524,14.735594,10.354765,18.435819,16.8771171069981,13.2738740085328
6.2060976,10.165464,14.888337,10.419955,18.697914,16.7905876438972,13.4852672238524
6.2361648,10.383344,15.317929,10.615525,16.692418,26.4708972383935,9.80698928949934
6.2875088,10.462573,15.470673,10.764532,17.083934,25.3230732833967,10.1367186925298
6.3174592,10.452669,15.737974,10.699341,17.580492,24.7290979164332,11.5889346743937
6.348768,10.640838,16.110287,10.857660,17.943361,25.0439206879899,11.8907883837952
6.3911584,10.413054,15.938451,10.736593,17.952910,23.8365020971664,12.5164602834439
6.4203664,11.027080,16.424006,11.239489,19.070164,22.3183146545916,12.2328145542933
6.4499056,10.779489,16.263031,11.043918,18.716844,22.6725469314854,12.5301023599638
6.4810448,10.729971,16.425321,11.034605,18.860082,22.6370741326646,13.1440048739077
6.531024,11.551973,16.896759,11.807575,20.464344,19.4012489659634,12.413265912985
6.562576,11.235056,16.499646,11.407121,20.416598,18.1689274854914,13.4478483200791
6.6200544,11.363804,16.792754,11.509562,20.789016,18.1995792713617,13.8616176215795
6.6537424,10.403151,16.490191,10.727280,20.894057,15.539620847311,17.7922013432813
6.6854432,10.145656,16.840029,10.559648,21.657992,13.9001764583576,20.3871176880651
6.7650016,10.056524,17.473519,10.541022,22.059057,14.7780594056308,22.0247449411109
6.8261056,10.670549,18.589217,10.885599,22.765697,17.9199941080613,22.003027338977
6.8700128,10.571513,18.362296,10.811096,22.421926,18.060564741079,21.7042405497861
6.9035584,10.789393,18.296110,11.202237,22.651107,16.6322115093548,20.459954229953
6.9412064,11.126116,17.851722,11.742385,21.944467,16.7637009174552,16.9209981919034
6.9799472,11.343996,17.586980,11.891391,21.562500,17.3365634257316,15.2069168396185
7.0099136,11.967925,17.776081,12.617796,21.552951,18.0380501636031,12.4225898538732
7.0399248,12.195709,17.142591,12.897182,20.569385,18.8019534587635,9.03152197305477
7.0725136,12.175902,16.594197,12.971685,20.168320,17.7512665107694,7.51353489002097
7.112544,12.492818,16.528012,13.530459,19.986885,17.4664372687388,5.25107501377113
7.1476208,12.453204,16.339403,13.902974,19.452131,17.1387699909073,3.43368759031219
7.1824144,12.522529,16.310763,14.098545,19.385287,16.8761122077219,2.72737415584361
7.2351056,12.958289,16.492147,14.852888,19.442582,16.5776798224362,0.653794899182111
7.2652416,12.928578,16.005276,14.983269,18.926926,15.8891817118129,-1.13893450891653
7.2987952,13.285109,16.234391,15.253342,19.108361,16.6221297362336,-1.73125912046946
7.340248,13.245494,15.699788,15.476852,18.602254,15.3972586705997,-3.78127261665549
7.3888,12.997904,15.995729,15.486165,19.394836,13.0779049717024,-1.54761510727055
7.4189152,13.760484,16.263031,16.631650,19.939139,11.7474769946894,-3.92799943229324
7.4589984,13.146458,15.260650,15.867993,18.726393,11.7707290507406,-4.87614761741425
7.4925072,13.156362,15.470673,15.784177,18.745492,12.7987349834101,-4.35127441592529
7.5199744,13.572314,15.680695,16.380202,19.117910,12.1519116435832,-5.34199590969127
7.5539584,13.374242,16.033915,15.998373,19.299344,13.3269184162675,-3.37238568593826
7.5924656,13.304916,16.698203,15.830741,20.722172,11.7270404835118,0.316456946626607
7.631208,13.285109,16.773843,15.691048,20.703074,12.3932653535536,0.709063281908973
7.6623968,12.502722,15.461126,14.769072,18.411270,14.5622346036637,-1.56749621145421
7.7014416,12.621565,15.766614,14.778385,18.755041,15.0432373042272,-0.76263430310186
7.743928,13.275205,16.568518,15.486165,19.576270,15.6254003815034,-0.905855842364808
7.7763744,13.225687,16.291670,15.607232,19.528525,14.2188591278703,-1.55360224300291
7.8251392,13.423760,16.415775,15.914557,19.480779,14.5943877305594,-2.41323384171106
7.8561504,13.037518,15.957543,15.337158,18.831434,15.3000378117516,-2.29720067933883
7.887472,13.394049,16.663983,15.635171,19.518975,16.114102876182,-1.36822375999298
7.9374304,13.245494,16.329856,15.411661,18.888730,17.0178358783305,-2.16367606258691
7.9686048,13.176169,16.081648,15.253342,18.669098,17.0485719144792,-2.46816890778676
8.0238032,13.186073,16.282124,15.216091,18.946025,17.0619531430623,-1.64453149428939
8.0701632,13.394049,16.414551,15.551355,19.652664,15.0654471569605,-1.38582266289351
8.099968,12.938482,16.811664,15.160214,20.359303,13.8958030573019,1.97167190604871
8.1324144,12.918674,16.338910,15.271968,19.977336,12.923261276699,0.486039156419357
8.181552,12.245227,16.091194,14.433809,19.137008,14.7272961317389,1.86903065289352
8.2124592,12.671084,16.811664,14.769072,20.492992,13.7074126670411,3.49504606684203
8.242384,12.591854,16.702169,14.694569,19.767254,15.4842109343455,2.5458988470165
8.2823328,12.245227,16.726568,14.322054,20.378402,13.554119171496,4.99291777777105
8.3138032,12.690891,17.199322,14.731821,20.989549,13.7916545961741,4.83222224427701
8.3447792,12.245227,16.499646,14.452434,20.034631,13.3721491232894,3.86034187177791
8.3775472,12.136287,17.199322,14.173048,20.894057,13.765515816401,6.98511598068036
8.4251168,12.344264,17.293872,14.545563,20.960902,13.530192030944,6.01416665088804
8.4665744,11.858985,16.925125,13.949538,20.664877,13.1229100062169,7.31089450103971
8.501792,12.027347,17.095316,14.089232,20.779467,13.5924691214333,7.07316945183774
8.5465536,11.809467,16.707658,13.837784,20.378402,13.3647303665799,6.91283139054892
8.5776656,12.146191,17.558614,14.089232,21.381066,13.8809245282211,8.34749208360152
8.6212912,12.215516,17.048041,14.256864,20.598033,14.1533440429467,5.99241303948682
8.6688592,12.136287,17.738261,13.958851,21.151885,15.5883698410047,8.57159728866009
8.6988656,12.215516,17.378968,14.107858,20.865410,14.9974349221877,7.17361409497109
8.73144,11.819371,17.076406,13.763281,20.416598,14.895775174926,7.65225707152857
8.7699392,12.057058,17.019675,14.107858,20.674426,13.6894371674433,6.70774205491462
8.8114704,12.076865,16.692623,14.135796,19.853197,15.026956935953,4.89609374485131
8.8640128,12.225420,16.698203,14.322054,20.464344,13.1099157786011,5.12020150355157
8.8936944,12.710698,16.603652,15.178839,20.798566,10.9389267940194,2.73526756926454
8.9247856,12.225420,16.053008,14.806324,20.091926,10.3474036428817,2.57045951290556
8.9549136,11.868889,16.234391,14.433809,20.349754,10.0347043715241,4.76404256933329
9.0161632,12.265034,16.138927,14.899453,20.330656,9.80848891885868,2.79605525032765
9.046368,11.958022,16.215299,14.517624,20.531189,9.48818612334956,4.64607180522041
9.0938528,12.265034,16.158020,14.815637,20.473893,9.70006882810775,3.21593895500416
9.1288096,11.759949,16.158020,14.117170,20.598033,9.53729742945192,5.92702387225208
9.159792,11.759949,16.424006,14.163735,21.467008,7.76861777697803,7.50474659519626
9.1898464,11.809467,16.528012,14.005416,21.419262,8.96875905712806,7.81747418735686
9.2351152,11.324189,16.721262,13.465268,21.228279,10.0915772401343,10.0385921967663
9.3175792,11.353900,16.981855,13.334888,22.135451,8.82454945273161,11.9049431039502
9.373944,11.086502,17.794991,12.906495,22.861189,9.97207704664148,15.5092896631838
9.4027856,10.432862,17.445154,12.338409,22.307336,9.59834737794715,17.0880130005383
9.446544,10.521994,18.447391,12.487415,23.596475,9.35548719147179,19.4822097857436
9.4951328,10.086234,17.880087,12.329096,23.042623,7.71996822729437,19.4368473477318
9.5253024,9.422691,17.237142,11.695820,22.632008,5.81225010826425,21.1753087590973
9.5590672,9.402884,17.360058,11.807575,22.756148,5.49395200376373,21.2698925753235
9.5953424,9.254329,16.792754,11.844826,22.269139,4.00277274685151,20.1638801285248
9.6264176,9.165196,16.622562,11.695820,22.059057,4.06401244465821,20.2452687803608
9.658968,9.343462,16.802209,11.919329,22.297787,4.08342891171099,19.8130427072782
9.6966064,9.293944,16.669838,11.956581,22.164098,3.6414213287144,19.4875606105354
9.7261376,9.036449,16.452371,11.481624,21.476557,5.36476842302893,20.0856538211831
9.759896,9.274136,16.962945,11.602691,21.954016,6.53011673611084,20.5205036638472
9.7886224,9.165196,16.906214,11.351243,21.572049,7.88767539299956,20.8350540720511
9.8275904,9.006738,16.906214,10.997354,21.390615,8.98793567165941,21.895150967919
9.8591152,9.373173,17.568070,11.407121,22.183197,9.25146234460144,21.8543606044568
9.890048,9.422691,17.426243,11.435059,21.533852,10.8826904329419,20.6252338544314
9.9501088,9.987198,18.173194,11.882078,22.526967,11.411542906105,20.4354582885791
9.9811392,10.056524,17.416788,11.863452,21.247377,12.8869479176278,17.6332572231598
10.0123936,10.254596,17.274962,12.273219,21.371516,11.3908268079413,16.1636188560715
10.061256,10.422958,16.887304,12.459477,20.808115,11.7418770399998,14.0022381284474
10.093816,9.937680,16.062555,12.086961,19.652664,11.5125731009499,13.1563425375352
10.1253184,10.264500,16.062555,12.673673,20.015533,9.69342736128104,11.5080329474594
10.158728,9.927776,15.041081,12.552606,18.812336,8.45165711580998,9.14110539865637
10.1977088,9.719800,14.458746,12.198716,18.239385,8.22002055847291,8.62606935100139
10.227736,9.739607,14.210537,12.338409,17.972008,7.65532267675139,7.35538771136325
10.2575936,9.620764,13.590016,12.208029,17.007541,8.23545432139704,5.19353533452742
10.2998192,9.472209,13.141331,11.928642,18.659085,0.582281642330216,8.41029190284429
10.3287584,9.284040,12.673553,11.807575,18.426112,-1.29805824867339,7.98635503888159
10.3601456,9.155293,12.549449,11.528188,17.940751,0.184936972509455,7.97254480491899
10.392544,9.511824,12.721286,11.854139,17.911630,1.67023887365771,6.44249087177973
10.4313424,9.105774,11.737998,11.286053,16.659399,1.51946762098724,4.83170632818963
10.4623968,8.828473,11.422964,10.997354,16.271111,1.0633749243591,5.00192815330251
10.4912272,8.729436,11.270220,10.913538,16.009016,1.09047127812808,4.67874475556459
10.5461888,8.937413,11.461150,11.164986,16.368183,0.80697529945261,4.5036478493303
10.5979568,9.303847,11.623440,11.584066,16.591449,1.07457362996631,3.13678664297402
10.647704,9.175100,11.518429,11.425746,16.416719,1.14425718904147,3.35264471476257
10.6765344,9.085967,11.642533,11.313992,16.319647,2.12101998972711,3.95182742288952
10.7052256,8.996835,11.508882,11.071857,16.135210,2.62502452021948,4.22592136235262
10.7375328,9.125582,11.814370,11.127734,16.290525,4.02943218732087,4.63541059651606
10.7776832,9.452402,12.253508,11.369869,16.688521,5.39633643370529,4.72677293445764
10.8076336,9.432594,12.320333,11.416434,16.766179,5.15638332844112,4.93174845029433
10.838824,9.482113,12.434891,11.416434,16.834129,5.70014593157917,5.14697617463014
10.8817664,9.373173,12.453984,11.332618,16.824422,5.6157969170175,5.67778453281611
10.9098464,9.155293,12.224869,11.071857,16.795300,4.51486333810932,6.48053393249272
10.9410368,9.244425,12.329880,11.202237,16.921494,4.50153189970796,6.32275595185834
10.973872,9.442498,12.243961,11.239489,17.125345,4.14512784920905,5.91283193923139
11.0111664,9.264233,11.957567,11.183611,16.727350,3.55754255231414,5.23806028143643
11.0424352,9.194907,11.833463,11.183611,16.902080,1.92343341915136,5.52375868920099
11.0725696,9.353365,11.976660,11.407121,17.047688,2.04921120418561,5.04907741767128
11.1137888,9.313751,12.072125,11.388495,17.164174,1.96244965500008,5.60762743608925
11.1438432,9.442498,12.339426,11.528188,17.503927,2.14244966096108,6.03164237617033
11.1788944,9.492016,12.482624,11.509562,17.503927,3.14529230443109,6.21477112599884
11.2524512,9.284040,12.358519,11.248802,17.309783,3.20645435069762,6.87143432485286
11.2866144,9.165196,12.444438,11.137047,17.465098,2.88298408476263,7.9382798955919
11.3174464,9.244425,12.482624,11.155673,17.523341,3.17334284312868,7.85098297440596
11.37376,9.234522,12.587635,11.286053,17.766022,2.26526901455608,8.1602076366587
11.409048,9.115678,12.377612,11.230176,17.600999,1.46467060661837,7.94712375820306
11.441408,9.175100,12.406252,11.332618,17.688364,1.2027045652124,7.7239853111065
11.4924352,9.165196,12.301240,11.239489,17.503927,1.65522948601065,7.46956051700432
11.52268,9.056256,12.148497,11.155673,17.358319,1.20481600123924,7.43826508217978
11.5524384,9.076064,12.224869,11.276740,17.484512,0.769792016817767,7.43253778337613
11.6039664,9.135485,12.167590,11.341931,17.474805,0.576476511532604,6.97224089542823
11.6326832,9.145389,12.091218,11.323305,17.465098,0.34992613642121,6.83546037799124
11.666496,9.214714,12.215322,11.453685,17.659242,0.123311260538834,6.89060818900007
11.703888,9.135485,12.148497,11.481624,17.668949,-0.735996443026373,6.92206867783331
11.7348576,9.036449,12.033939,11.360556,17.571877,-1.0078822258527,7.12094499442076
11.7649056,9.036449,12.091218,11.472311,17.766022,-1.83112392967995,7.28568572937679
11.7988512,9.006738,12.072125,11.416434,17.804850,-2.0134478945028,7.55209371107815
11.8525472,9.016642,12.148497,11.537501,17.931044,-2.47093371236382,7.57214747443161
11.8975392,9.046353,12.043485,11.565440,17.911630,-2.87670978422074,7.18999050371324
11.9310352,9.036449,11.957567,11.472311,17.785436,-2.56983130179677,7.07463358719773
11.9673136,9.006738,12.062578,11.425746,17.824265,-2.16476271022223,7.5451839854392
11.9987648,9.026545,12.100764,11.490937,17.882508,-2.31886006731677,7.49404048832149
12.0289504,9.085967,12.081671,11.500250,17.795143,-1.83740101264761,7.11423994495174
12.0715264,9.066160,12.043485,11.500250,17.698071,-1.77670643133463,6.91731588489906
12.10008,9.046353,11.967113,11.509562,17.678657,-2.22161945317711,6.76764826823717
12.1300224,9.066160,11.967113,11.518875,17.610706,-1.91034581690126,6.56302406731526
12.165216,9.076064,12.033939,11.593378,17.736900,-2.25025055423413,6.69609371600391
12.2039952,9.105774,12.024392,11.546814,17.707778,-1.87726760412912,6.66940346406757
12.2326416,9.115678,12.081671,11.518875,17.707778,-1.44168642248219,6.82368684500959
12.2625664,9.056256,12.224869,11.537501,17.882508,-1.72117021264146,7.51713244294443
12.3125104,9.006738,12.119857,11.472311,17.659242,-1.45057567336029,7.22124203922268
12.3440832,8.996835,12.138950,11.379182,17.698071,-1.2078126402071,7.6056125392488
12.3737616,9.076064,12.224869,11.500250,17.853387,-1.38477970402771,7.51051655936804
12.4214832,9.145389,12.158043,11.481624,17.785436,-1.06065148480229,7.12795574209539
12.4563968,9.036449,12.138950,11.388495,17.707778,-1.07918380343534,7.49162087310999
12.5064176,9.175100,12.234415,11.556127,17.824265,-0.944266693827615,7.06188666946309
12.5589344,9.046353,12.186683,11.369869,17.756314,-0.900685993447858,7.69214924666876
12.58752,9.085967,12.177136,11.425746,17.678657,-0.672236700041921,7.27509301048983
12.6188624,8.907702,12.110311,11.360556,17.571877,-1.27058603276493,7.61109473461406
12.6803408,9.056256,12.148497,11.435059,17.610706,-0.749467740968228,7.15147847083729
12.7154288,9.115678,12.234415,11.490937,17.717486,-0.617821744412119,7.19791316289284
12.7552256,9.115678,12.138950,11.472311,17.717486,-1.02371165200937,7.07192202607357
12.7912704,9.085967,12.119857,11.574753,17.736900,-1.7058516022018,6.87823038579498
12.82124,9.085967,12.110311,11.481624,17.688364,-1.24223267637317,7.01985784622786
12.8552272,9.066160,12.053032,11.500250,17.688364,-1.69395922204905,6.91701808819294
12.9036912,9.125582,12.148497,11.546814,17.688364,-1.09114861930741,6.81034841786102
12.9361056,9.056256,12.053032,11.444372,17.571877,-1.11854249671376,6.87729939908019
12.964928,9.066160,12.043485,11.444372,17.630121,-1.32839088516513,6.9411918565433
13.0223632,9.076064,12.110311,11.593378,17.766022,-1.97422723953704,6.89109029157879
13.0603552,9.066160,12.110311,11.584066,17.785436,-2.05977694487123,6.97813617343196
13.103512,9.145389,12.138950,11.621317,17.960166,-2.28224571585255,7.04174994964385
13.1786352,9.066160,12.186683,11.556127,17.727193,-1.3701987034583,7.08610293730432
13.2139456,9.085967,12.243961,11.462998,17.814558,-0.967279050467027,7.54755914737094
13.2625968,9.145389,12.272601,11.453685,17.698071,-0.0770680874839513,7.25254915691643
13.2937456,9.185004,12.377612,11.462998,17.707778,0.565742319915728,7.33223863727829
13.3224672,9.185004,12.205776,11.500250,17.610706,-0.0633990291545246,6.73840333483317
13.3640272,9.105774,12.215322,11.397808,17.542756,0.212319230566827,7.11644351007414
13.4043408,9.145389,12.425345,11.556127,17.766022,0.0580805863972955,7.38329531875238
13.4341792,9.194907,12.377612,11.444372,17.698071,0.717174566525976,7.33773045651736
13.4765824,9.165196,12.396705,11.397808,17.727193,0.728435408916319,7.62946399201674
13.5052096,9.234522,12.482624,11.388495,17.727193,1.52203148115742,7.62582942942042
13.53632,9.135485,12.396705,11.323305,17.785436,0.641604030109853,8.0146989515456
13.5666048,9.125582,12.453984,11.332618,17.785436,0.840364938125639,8.12035110414492
13.6178096,9.194907,12.597181,11.388495,17.853387,1.42880445285337,8.16737723674194
13.6477584,9.165196,12.511263,11.407121,17.804850,0.973734528018014,7.95404364166512
13.6903472,9.234522,12.520809,11.453685,17.863094,0.979089949558997,7.76817364649642
13.730136,9.185004,12.358519,11.435059,17.795143,0.25672602363116,7.53141043528466
13.7800704,9.185004,12.377612,11.435059,17.833972,0.21001561735676,7.63692048709196
13.8153264,9.165196,12.377612,11.453685,17.833972,0.0455564881377057,7.64007029639124
13.8525856,9.194907,12.348973,11.444372,17.853387,0.0143528128295571,7.56891988726495
13.8815312,9.214714,12.396705,11.490937,17.833972,0.247406110541043,7.44389040748256
13.9123104,9.204811,12.396705,11.462998,17.804850,0.404946406468767,7.49149629598897
13.9523072,9.175100,12.358519,11.472311,17.756314,0.213801405828718,7.38763434845175
13.9863824,9.254329,12.387159,11.500250,17.775729,0.571160561921438,7.19046742694204
14.01356,9.175100,12.368066,11.453685,17.756314,0.328105990012645,7.45471739860805
14.0462816,9.145389,12.348973,11.416434,17.766022,0.188009568731935,7.61637217877896
14.0848736,9.194907,12.425345,11.490937,17.882508,0.11572220911205,7.63671954629559
14.116248,9.204811,12.425345,11.574753,17.901923,-0.206762978603578,7.42335510923889
14.1487216,9.214714,12.272601,11.593378,17.901923,-0.973420317234108,7.06990705756079
14.1874624,9.175100,12.263054,11.593378,17.863094,-1.07616443484738,7.08649265509616
14.2177296,9.224618,12.301240,11.574753,17.892215,-0.682675953611664,7.12753789488812
14.248984,9.145389,12.158043,11.556127,17.814558,-1.43365893335763,6.98291518470917
14.2789888,9.185004,12.177136,11.612004,17.795143,-1.27418942441289,6.72867337552638
14.3202208,9.214714,12.091218,11.584066,17.736900,-1.2424963846918,6.4580096091034
14.3503664,9.204811,12.033939,11.537501,17.620413,-0.987237698989652,6.28556162765365
14.3838832,9.214714,12.129404,11.565440,17.620413,-0.56573191575643,6.3623786474905
14.44652,9.254329,12.167590,11.612004,17.698071,-0.630042718709255,6.34845399713495
14.482464,9.185004,12.196229,11.584066,17.649535,-0.55488117745913,6.56951896636924
14.5178224,9.264233,12.224869,11.602691,17.727193,-0.370596328845103,6.50633086715514
14.565216,9.214714,12.224869,11.546814,17.727193,-0.412869437186551,6.78560664212314
14.6065728,9.274136,12.263054,11.556127,17.678657,0.209060511990238,6.58427762966953
14.6363872,9.155293,12.205776,11.407121,17.649535,-0.012958594445827,7.13830012452843
14.6750928,9.224618,12.282147,11.453685,17.678657,0.430833387237293,7.02303443424972
14.704856,9.303847,12.310787,11.584066,17.707778,0.382473501292715,6.57323002280075
14.7361792,9.313751,12.282147,11.546814,17.630121,0.706622981080628,6.44978705548434
14.7785616,9.204811,12.215322,11.518875,17.494220,0.437751207516676,6.43779904595485
14.8087232,9.214714,12.272601,11.481624,17.533048,0.763377303170699,6.68882504656431
14.8499904,9.293944,12.243961,11.556127,17.552463,0.670235336030814,6.26335454214266
14.882296,9.313751,12.368066,11.584066,17.668949,0.851253391487603,6.58097594869789
14.9198736,9.313751,12.368066,11.612004,17.814558,0.225370095505433,6.77398616370787
14.9511312,9.185004,12.377612,11.518875,17.775729,0.117656687079538,7.30766839856335
14.9811136,9.125582,12.329880,11.397808,17.727193,0.204859243306814,7.61338638541686
15.0264112,9.165196,12.434891,11.397808,17.863094,0.423063176269409,7.94606115765477
