0.0340896,10.263216,12.675415,9.884194,14.553228,0.28684429634401,-0.18555426888889
0.09136,10.164012,12.646809,9.884194,14.533787,-0.231279263516021,-0.00894752835823809
0.1239328,10.233455,12.742162,9.884194,14.601830,0.246209584388698,0.132264154608606
0.1639568,10.243375,12.675415,9.874891,14.572669,0.148420945405922,-0.0651296973342994
0.2189024,10.203694,12.675415,9.837675,14.592109,0.0396829252628397,0.187854941551276
0.2476032,10.164012,12.646809,9.902802,14.504626,-0.1845375692561,-0.120429063166817
0.3002144,10.164012,12.656344,9.865587,14.582389,-0.31882439257866,0.161745656923337
0.338952,10.183853,12.684950,9.893498,14.543507,-0.0409923995043826,0.00813298040873889
0.3688672,10.253295,12.684950,9.884194,14.592109,0.113109962892333,-0.0591272602052726
0.4003808,10.193773,12.780303,9.856283,14.630991,0.233442133684908,0.456382950899989
0.4402384,10.203694,12.704021,9.912106,14.601830,-0.197031790975386,0.0596572227027892
0.4762656,10.253295,12.704021,9.884194,14.669872,-0.140026113353354,0.138231858491469
0.5113904,10.223534,12.751697,9.930714,14.650432,-0.17485664963387,0.14931756093835
0.5512336,10.273136,12.684950,9.902802,14.669872,-0.218309367006763,-0.00680332033589437
0.582736,10.173933,12.694485,9.856283,14.650432,-0.350812134823444,0.376579429789363
0.6126864,10.253295,12.675415,9.884194,14.601830,0.0252141207264263,-0.0587493127352943
0.6465968,10.243375,12.713556,9.893498,14.601830,0.117145992619096,0.0207879678374923
0.6901856,10.203694,12.675415,9.940018,14.562948,-0.283739997976207,-0.155433364121151
0.7253296,10.233455,12.713556,9.940018,14.611550,-0.177568925268974,-0.0605402352843925
0.7552128,10.233455,12.713556,9.893498,14.611550,0.0275056313260826,0.0680459972809047
0.8053392,10.243375,12.656344,9.902802,14.660152,-0.450759997377427,-0.00267594502149393
0.8366224,10.243375,12.713556,9.912106,14.592109,0.0779195353435291,-0.050484513046527
0.8777104,10.193773,12.704021,9.884194,14.611550,-0.163598959202154,0.184291562478734
0.9502416,10.253295,12.723091,9.884194,14.582389,0.335727637704239,-0.00111840365046945
0.978624,10.233455,12.723091,9.819067,14.533787,0.746184998633218,0.135139766943606
1.0087936,10.243375,12.589597,9.884194,14.485185,0.089109331286009,-0.446526218976416
1.0527552,10.193773,12.646809,9.846979,14.514346,0.16089109187614,-0.0280868517980295
1.0803408,10.233455,12.637274,9.865587,14.543507,0.091688880949766,-0.149650534177042
1.1153728,10.253295,12.704021,9.893498,14.572669,0.247772563975465,-0.0856160359516203
1.1685984,10.243375,12.751697,9.912106,14.630991,0.0859840789021922,0.106395095275378
1.202368,10.223534,12.732627,9.856283,14.679593,-0.0653281509116477,0.375741038737814
1.2338848,10.223534,12.732627,9.884194,14.601830,0.154599200768947,0.140307412056789
1.2752352,10.223534,12.827980,9.884194,14.621270,0.517037362075737,0.373566079758
1.3075776,10.253295,12.684950,9.902802,14.630991,-0.140569417062317,-0.0312295917767926
1.3466304,10.352499,12.780303,9.893498,14.630991,0.813823988681149,-0.0850194576127876
1.39896,10.233455,12.770768,9.902802,14.621270,0.212859533521245,0.178533556345954
1.4278128,10.263216,12.723091,9.874891,14.611550,0.294675738047962,0.056624311322846
1.4626816,10.253295,12.751697,9.949321,14.630991,-0.0312177065508363,-0.0236956990283019
1.5015968,10.233455,12.723091,9.874891,14.611550,0.154573477313689,0.138977385479514
1.5298992,10.263216,12.742162,9.930714,14.640711,0.00969576515347725,0.000637800802035571
1.5798544,10.322738,12.684950,9.940018,14.582389,0.236494705730268,-0.424618504101964
1.6204128,10.312817,12.665879,9.921410,14.611550,0.0536223472170327,-0.32543704386222
1.6517648,10.292977,12.646809,9.930714,14.533787,0.172528525731274,-0.494690246640104
1.683072,10.263216,12.751697,9.912106,14.524067,0.651422010705765,-0.166347158788742
1.7228112,10.253295,12.751697,9.912106,14.621270,0.175461821370569,0.0592225068124712
1.7645344,10.312817,12.627738,9.949321,14.553228,0.00811123958831317,-0.599876680659243
1.8066256,10.273136,12.684950,9.874891,14.524067,0.548888181503319,-0.227442725801133
1.8378576,10.233455,12.646809,9.921410,14.514346,0.018712476224799,-0.344495099666766
1.875416,10.273136,12.665879,9.856283,14.533787,0.498415126113205,-0.19510385516428
1.9066496,10.292977,12.694485,9.902802,14.514346,0.606579590742867,-0.359779704204133
1.9364,10.302897,12.751697,9.874891,14.660152,0.401034603507923,0.104071279768412
1.9874832,10.302897,12.770768,9.902802,14.718474,0.111032949755047,0.184080639532393
2.0175152,10.292977,12.799374,9.921410,14.640711,0.458707628946883,0.0604882615307893
2.0474608,10.263216,12.732627,9.902802,14.640711,0.0877701269319262,0.0582730395163793
2.1018064,10.273136,12.761233,9.874891,14.650432,0.348971753368733,0.185875802170361
2.140416,10.273136,12.751697,9.902802,14.669872,0.0956073749038433,0.128916331938925
2.1702736,10.332658,12.789839,9.949321,14.640711,0.476971844327223,-0.144828424157922
2.2228352,10.273136,12.732627,9.921410,14.621270,0.138079955863188,-0.0600379866971217
2.2518944,10.322738,12.751697,9.902802,14.592109,0.671108197071863,-0.166039835241531
2.2916112,10.342578,12.713556,9.912106,14.582389,0.587136543957712,-0.34394310867912
2.3438416,10.283056,12.732627,9.902802,14.601830,0.352481141373208,-0.0756747952824064
2.3727936,10.253295,12.732627,9.846979,14.640711,0.287346013413015,0.240079834850636
2.4152944,10.352499,12.684950,9.902802,14.611550,0.411814929583911,-0.344505996140214
2.4642512,10.263216,12.713556,9.930714,14.582389,0.132123996161564,-0.176503635706919
2.4954656,10.322738,12.751697,9.958625,14.621270,0.296542282914583,-0.260243596889936
2.5253776,10.283056,12.732627,9.884194,14.572669,0.563506597045769,-0.0837612611741179
2.5653856,10.312817,12.723091,9.912106,14.562948,0.578091974406355,-0.282206863201058
2.598792,10.273136,12.723091,9.856283,14.601830,0.466522098657397,0.0608463655615523
2.6487792,10.243375,12.684950,9.846979,14.553228,0.403064989427953,-0.00804707845764696
2.696496,10.223534,12.627738,9.893498,14.601830,-0.38165812876919,-0.0995846413674855
2.727544,10.263216,12.665879,9.958625,14.611550,-0.343934171947009,-0.291302727019385
2.758808,10.292977,12.751697,9.865587,14.660152,0.395507157913764,0.157144124233966
2.800032,10.223534,12.808909,9.940018,14.582389,0.352790013616412,0.101608076716062
2.8502752,10.332658,12.827980,9.884194,14.679593,0.77071995708088,0.190469499814888
2.8840176,10.292977,12.789839,9.893498,14.611550,0.665631927203238,0.0588466222574517
2.9327584,10.292977,12.761233,9.912106,14.718474,-0.0210375467200734,0.166464657689193
2.9624672,10.342578,12.789839,9.986537,14.650432,0.317136311220823,-0.254448233363284
2.9937024,10.342578,12.761233,9.940018,14.582389,0.687378377416326,-0.32342496496176
3.0339456,10.283056,12.732627,9.930714,14.630991,0.100910179530749,-0.093252691166569
3.0653296,10.332658,12.751697,9.893498,14.630991,0.587080672312915,-0.0885664142334512
3.095184,10.312817,12.751697,9.921410,14.601830,0.499598004792239,-0.170163922425282
3.130288,10.312817,12.723091,9.940018,14.562948,0.454828272038998,-0.359087560626481
3.1754304,10.233455,12.713556,9.921410,14.621270,-0.138421199637842,0.0106741858221007
3.2178752,10.193773,12.789839,9.893498,14.630991,0.114093026088167,0.372562424133395
3.2516384,10.312817,12.684950,9.940018,14.514346,0.490341421894921,-0.536650060278063
3.2876976,10.233455,12.694485,9.893498,14.533787,0.28130139606941,-0.12970387957153
3.3289984,10.372339,12.723091,9.940018,14.611550,0.519609227631158,-0.423488392253226
3.3588128,10.243375,12.770768,9.912106,14.543507,0.561795093548992,-0.0329224167480824
3.416528,10.273136,12.637274,9.884194,14.562948,0.110715997895611,-0.271193444325064
3.4526736,10.273136,12.684950,9.902802,14.572669,0.2102848005862,-0.205134622963634
3.4988208,10.243375,12.675415,9.921410,14.572669,-0.0571429693249321,-0.193817714565078
3.5353488,10.263216,12.694485,9.856283,14.650432,0.0705190876424,0.129029895058256
3.5639232,10.312817,12.761233,9.921410,14.640711,0.372968704073587,-0.0716300089258546
3.6177664,10.283056,12.818445,9.865587,14.650432,0.704742129832787,0.300225238194209
3.6552448,10.312817,12.799374,9.958625,14.621270,0.473352732021191,-0.135998145130706
3.6866832,10.302897,12.770768,9.977233,14.689313,-0.087602307340032,-0.0797975209081194
3.7187952,10.342578,12.799374,9.930714,14.679593,0.478802935606917,-0.022712823392947
3.7576864,10.382260,12.770768,9.930714,14.640711,0.701551742608034,-0.268685669811013
3.7887648,10.233455,12.732627,9.893498,14.689313,-0.225256419713973,0.264990436116161
3.8204048,10.352499,12.713556,9.967929,14.660152,0.0454798315406286,-0.366006992579369
3.861408,10.292977,12.704021,9.967929,14.679593,-0.364045890886785,-0.182329616883468
3.8988784,10.362419,12.751697,9.949321,14.660152,0.35230412690469,-0.264549739158404
3.9304592,10.302897,12.713556,9.884194,14.630991,0.309535411613863,-0.0585163137549323
3.9661792,10.322738,12.723091,9.949321,14.582389,0.374598676801901,-0.372275143711605
4.0015536,10.322738,12.770768,9.902802,14.650432,0.503255411776415,-0.00857785635897557
4.0315072,10.253295,12.751697,9.958625,14.660152,-0.200292586197644,0.00994467090175988
4.0626064,10.283056,12.723091,9.977233,14.630991,-0.148502811684614,-0.240767593418251
4.125288,10.312817,12.751697,9.986537,14.669872,-0.0860458573304088,-0.210791965701691
4.1654592,10.263216,12.761233,9.949321,14.650432,-0.0252961806304564,0.00786986582452798
4.2001856,10.292977,12.761233,9.912106,14.630991,0.363732741876439,-0.0111009612538915
4.2367168,10.312817,12.656344,9.967929,14.592109,-0.110543223175778,-0.512752390157857
4.2667088,10.273136,12.665879,9.912106,14.601830,-0.0493859439813349,-0.210200960088663
4.297632,10.233455,12.646809,9.967929,14.553228,-0.358522103459606,-0.3932767284516
4.3489776,10.292977,12.713556,9.930714,14.660152,-0.070394215385738,-0.100047649664237
4.3790736,10.322738,12.799374,9.940018,14.660152,0.430598188767812,-0.0331768299329198
4.4103072,10.263216,12.732627,9.986537,14.708754,-0.578811740166832,-0.0342412666476157
4.4504352,10.292977,12.761233,9.949321,14.728195,-0.226889847557145,0.0836953553681106
4.4815952,10.263216,12.799374,10.005145,14.767076,-0.601726492481172,0.167844249999703
4.5127168,10.312817,12.751697,9.921410,14.728195,-0.0561994886263957,0.0865833486990866
4.5477584,10.292977,12.770768,10.033056,14.708754,-0.463507995197237,-0.166335721012768
4.5938304,10.322738,12.713556,10.005145,14.679593,-0.34258035523282,-0.346874636667128
4.624232,10.322738,12.770768,9.967929,14.737915,-0.166794082478275,-0.0102259920011782
4.6652672,10.263216,12.751697,9.995841,14.650432,-0.274366260223421,-0.139578613248762
4.7054768,10.312817,12.751697,9.977233,14.650432,0.0400883234909477,-0.22476782394347
4.7404512,10.263216,12.761233,9.940018,14.611550,0.186723709557064,-0.0455494947259609
4.7775424,10.342578,12.770768,9.958625,14.650432,0.350531551340519,-0.216621487074722
4.8177808,10.283056,12.723091,9.940018,14.601830,0.143560167077424,-0.197746903340139
4.8475504,10.273136,12.742162,9.921410,14.592109,0.311457724107526,-0.100023563949179
4.8788016,10.292977,12.704021,9.986537,14.640711,-0.275074029183905,-0.312688736971989
4.9113744,10.292977,12.770768,9.949321,14.621270,0.287369583452863,-0.113990952987503
4.9499632,10.283056,12.723091,9.930714,14.621270,0.0989041985494667,-0.132473446784058
4.9792016,10.273136,12.742162,9.967929,14.630991,-0.0646159857973148,-0.149025661815845
5.0088704,10.292977,12.675415,9.884194,14.543507,0.470086985948474,-0.287722220068776
5.0602528,10.253295,12.656344,9.977233,14.611550,-0.517562395013955,-0.334736373526816
5.10248,10.263216,12.789839,9.995841,14.640711,-0.0526689780391081,-0.0818218155124093
5.1354016,10.312817,12.827980,9.958625,14.689313,0.308165185771397,0.0599960299299447
5.1989264,10.253295,12.751697,9.846979,14.699033,0.119779892740353,0.397197840800878
5.2366,10.263216,12.761233,9.912106,14.728195,-0.203376863926408,0.268204760160451
5.2768176,10.263216,12.723091,9.930714,14.650432,-0.122745358468347,-0.0183849784015315
5.3153664,10.292977,12.732627,9.949321,14.640711,0.0228644318506612,-0.152043031106381
5.346376,10.312817,12.713556,9.986537,14.640711,-0.137044351380302,-0.347767450555175
5.3803232,10.292977,12.732627,9.958625,14.582389,0.238641945359802,-0.296524423406126
5.4300816,10.292977,12.665879,9.986537,14.553228,-0.0697722401174827,-0.569466954556944
5.4591712,10.292977,12.656344,9.958625,14.592109,-0.163015176294424,-0.432551444925483
5.4938448,10.223534,12.646809,9.912106,14.553228,-0.158984502854704,-0.211567299853609
5.5316016,10.283056,12.684950,9.986537,14.562948,-0.0695080348074306,-0.483208323929063
5.56132,10.292977,12.684950,9.995841,14.611550,-0.277557843693078,-0.436691315719848
5.591536,10.223534,12.656344,9.940018,14.601830,-0.451530678307788,-0.169777682271501
5.6315216,10.283056,12.637274,9.995841,14.650432,-0.719597611225419,-0.427388971446575
5.662912,10.302897,12.675415,9.967929,14.699033,-0.537173094439641,-0.228265357053179
5.6927824,10.273136,12.608668,9.958625,14.611550,-0.567156922449053,-0.435706729369066
5.7263984,10.263216,12.684950,9.958625,14.592109,-0.168457545058879,-0.292059091711106
5.7742016,10.243375,12.627738,9.958625,14.621270,-0.660440617544896,-0.294693529332289
5.8042256,10.292977,12.627738,9.940018,14.601830,-0.258727281872124,-0.419953520256719
5.835464,10.253295,12.627738,9.912106,14.621270,-0.408748243602948,-0.19362899133036
5.8865472,10.292977,12.732627,9.930714,14.621270,0.190314102256387,-0.140385555888635
5.9166944,10.233455,12.665879,9.893498,14.650432,-0.368806620362859,0.0501183810776666
5.9474704,10.253295,12.770768,9.865587,14.679593,0.213056582393563,0.344961109905842
5.9977872,10.213614,12.684950,9.893498,14.689313,-0.543581315597035,0.223028360691266
6.0388096,10.312817,12.713556,9.930714,14.660152,0.0228176081815663,-0.15468350769882
6.0698528,10.253295,12.675415,9.940018,14.689313,-0.605738015428787,-0.0345845275689385
6.120144,10.273136,12.675415,9.902802,14.669872,-0.263226602819937,-0.0262229651391763
6.1516256,10.253295,12.713556,9.902802,14.650432,-0.0914558278808286,0.0666494705405043
6.1816336,10.253295,12.656344,9.921410,14.669872,-0.528550011868879,-0.0616811969404552
6.2226496,10.273136,12.704021,9.921410,14.708754,-0.381195662209906,0.059720939443082
6.2528368,10.223534,12.742162,9.884194,14.640711,0.027933480688648,0.238826827217391
6.2830064,10.273136,12.694485,9.893498,14.689313,-0.218005776257554,0.0778477156644577
6.316728,10.233455,12.646809,9.958625,14.708754,-1.00127169965385,-0.0498434705837987
6.3540368,10.273136,12.704021,9.921410,14.757356,-0.594326702731205,0.158356032816407
6.3854096,10.302897,12.694485,9.930714,14.708754,-0.326898168210569,-0.06729909079084
6.417584,10.283056,12.713556,9.902802,14.621270,0.177079532850621,-0.074920456781399
6.4627664,10.243375,12.580062,9.902802,14.582389,-0.468688820124113,-0.317801847811552
6.5066544,10.223534,12.704021,9.940018,14.630991,-0.354862347156177,-0.0129515312092536
6.5404384,10.273136,12.732627,9.930714,14.640711,0.0115055052785191,-0.0461194302470886
6.5890752,10.302897,12.732627,9.958625,14.737915,-0.397879491891352,-0.00744623685676871
6.6275296,10.243375,12.761233,9.949321,14.708754,-0.374556825233192,0.18090732536028
6.6714864,10.243375,12.770768,9.949321,14.757356,-0.542644192661757,0.298585770190051
6.7228368,10.233455,12.770768,9.912106,14.747635,-0.38367139446525,0.408976961544059
6.7516768,10.322738,12.742162,9.884194,14.737915,0.0662880036330993,0.162118762826307
6.7827808,10.213614,12.732627,9.940018,14.699033,-0.565770480098053,0.21098510006188
6.8339968,10.332658,12.713556,9.874891,14.650432,0.404571033413764,-0.0753494215874966
6.864048,10.263216,12.723091,9.940018,14.679593,-0.291809689256993,0.01526371592551
6.8942112,10.322738,12.742162,9.921410,14.640711,0.330074532893677,-0.137727218767491
6.9342336,10.292977,12.713556,9.949321,14.689313,-0.280231139924562,-0.0919660453926952
6.9649552,10.213614,12.723091,9.949321,14.689313,-0.608878281953764,0.146197962387973
6.9951104,10.223534,12.684950,9.912106,14.640711,-0.364754998557769,0.0451451681114001
7.0300768,10.292977,12.761233,9.912106,14.689313,0.107062252000031,0.107348554600289
7.0675072,10.243375,12.732627,9.912106,14.718474,-0.388459412749176,0.245312196431001
7.0976688,10.233455,12.684950,9.986537,14.640711,-0.645197850833883,-0.187742608410158
7.128928,10.253295,12.675415,9.930714,14.630991,-0.308467287743295,-0.127773394670101
7.1704736,10.154092,12.608668,9.912106,14.630991,-1.01184088325428,0.0619858385449987
7.2003504,10.253295,12.694485,9.912106,14.621270,-0.0937945499801227,-0.0573141312264696
7.2315584,10.243375,12.694485,9.912106,14.650432,-0.268993749806981,0.0295265932853113
7.2654512,10.233455,12.656344,9.884194,14.728195,-0.714971474163818,0.214756780930887
7.317648,10.263216,12.694485,9.921410,14.776796,-0.77103489091863,0.205787683244353
7.3528112,10.263216,12.799374,9.930714,14.776796,-0.318932067872033,0.392226187323566
7.3877312,10.243375,12.837515,9.856283,14.757356,0.178439709081974,0.690167560614647
7.4276928,10.292977,12.761233,9.902802,14.718474,0.019815699170973,0.19210568273455
7.4555296,10.283056,12.808909,9.995841,14.718474,-0.211071889420107,0.0599384683052051
7.4878912,10.312817,12.799374,9.949321,14.708754,0.12993865339709,0.0670097202780191
7.5376992,10.322738,12.770768,9.977233,14.767076,-0.335003442558459,0.023253027275782
7.5675504,10.292977,12.713556,9.940018,14.650432,-0.0685627286979482,-0.145462945369673
7.597432,10.302897,12.770768,9.986537,14.679593,-0.0857764496445093,-0.125076780932314
7.638744,10.273136,12.723091,9.940018,14.728195,-0.458387946557306,0.0866116390045448
7.6688128,10.273136,12.704021,9.940018,14.669872,-0.292161557450096,-0.0706369604455581
7.6989504,10.243375,12.656344,9.958625,14.679593,-0.781519652421057,-0.117191145032816
7.7389664,10.263216,12.704021,9.921410,14.708754,-0.427885777593998,0.0870835540956669
7.7829488,10.273136,12.723091,9.967929,14.699033,-0.452911290375152,-0.0494400978548342
7.8113808,10.312817,12.704021,9.930714,14.679593,-0.107420300595595,-0.134524177686
7.842584,10.273136,12.684950,9.977233,14.621270,-0.331901000443881,-0.311082280506159
7.8929136,10.233455,12.646809,9.912106,14.669872,-0.626355835051824,-0.000594174623909538
7.930384,10.302897,12.637274,9.977233,14.611550,-0.373573249421762,-0.510299366201171
7.98864,10.203694,12.704021,9.921410,14.699033,-0.665761825128427,0.23175824016338
8.025152,10.283056,12.742162,9.977233,14.718474,-0.442612052770522,-0.0241451468145328
8.0566144,10.332658,12.761233,9.949321,14.767076,-0.211168866215815,0.053346161871044
8.0890224,10.283056,12.808909,9.940018,14.728195,-0.0091769795764316,0.233071208713884
8.1280528,10.283056,12.780303,9.977233,14.786517,-0.561141406720695,0.190764643028281
8.1588736,10.283056,12.799374,9.995841,14.737915,-0.340746450423165,0.0799736379762486
8.1891008,10.352499,12.770768,9.977233,14.747635,-0.110767114600492,-0.0976923370409892
8.2305232,10.372339,12.761233,9.977233,14.776796,-0.190041615251168,-0.112319280868832
8.2705344,10.352499,12.770768,9.958625,14.786517,-0.199392427305236,0.0319660111481497
8.3017536,10.292977,12.761233,9.995841,14.699033,-0.302917318510615,-0.103282472440405
8.3342944,10.312817,12.742162,9.967929,14.757356,-0.432369097692557,-0.00154793354484184
8.3728912,10.322738,12.780303,9.949321,14.660152,0.300473640523342,-0.0974531421908296
8.4045824,10.283056,12.751697,10.005145,14.767076,-0.732290260802864,0.0169703672933856
8.4355376,10.352499,12.818445,9.977233,14.718474,0.239571644279933,-0.0602207012997269
8.4853824,10.273136,12.761233,9.986537,14.699033,-0.355264982666829,-0.0232009961347011
8.516808,10.273136,12.732627,9.986537,14.679593,-0.404438557205704,-0.120760278859933
8.5477968,10.283056,12.818445,9.977233,14.728195,-0.127542810427267,0.149992998734472
8.592936,10.292977,12.780303,9.967929,14.679593,-0.00597785487467473,-0.0273416069914951
8.6288944,10.312817,12.761233,10.014449,14.767076,-0.58861263475893,-0.0708842767025644
8.6588128,10.283056,12.770768,9.977233,14.728195,-0.350919068006476,0.0535352261583419
8.6988592,10.312817,12.675415,9.940018,14.689313,-0.325435264891348,-0.198572816377393
8.7401728,10.233455,12.675415,9.967929,14.669872,-0.736503618955059,-0.0964369699002603
8.7718064,10.263216,12.761233,10.014449,14.660152,-0.353782013524324,-0.151592353188729
8.8055552,10.263216,12.723091,9.940018,14.728195,-0.505038168049241,0.113947054485372
8.8425728,10.352499,12.789839,9.940018,14.747635,0.141259850527515,0.0429597196634042
8.872944,10.292977,12.780303,9.958625,14.796237,-0.475839794324879,0.234264031921217
8.9042816,10.312817,12.808909,9.986537,14.767076,-0.243601645411532,0.102023152891515
8.955184,10.382260,12.799374,9.930714,14.737915,0.408096569736606,-0.013534667701613
8.9852592,10.352499,12.780303,9.967929,14.737915,0.0170454502799817,-0.072564886305166
9.026376,10.332658,12.770768,10.023752,14.767076,-0.491640526284256,-0.131412853244793
9.0788448,10.372339,12.770768,10.014449,14.747635,-0.18065856528041,-0.25386785401713
9.1080512,10.342578,12.799374,9.977233,14.757356,-0.0659262686106441,0.00702707056554175
9.147824,10.352499,12.808909,9.986537,14.708754,0.196884752962594,-0.124683340143953
9.1989472,10.302897,12.761233,10.042360,14.844839,-1.0950978588975,0.0369626593846277
9.2504352,10.362419,12.780303,9.977233,14.708754,0.150356840119415,-0.184328028495823
9.2990272,10.312817,12.780303,9.995841,14.786517,-0.502928033038834,0.0579948622031772
9.3316192,10.392180,12.799374,10.023752,14.708754,0.174701884496922,-0.354320962995317
9.361472,10.312817,12.827980,9.977233,14.718474,0.0987895461710266,0.0678854918924365
9.3965552,10.342578,12.742162,10.014449,14.737915,-0.411236168511103,-0.250124435622936
9.4329376,10.312817,12.780303,10.033056,14.767076,-0.580442993712758,-0.0832778266813534
9.4766432,10.302897,12.761233,10.060968,14.669872,-0.413755809726292,-0.368277385070144
9.5188176,10.362419,12.780303,9.967929,14.718474,0.148532320378161,-0.13913242692146
9.5555632,10.332658,12.770768,9.940018,14.718474,0.0870939331363161,-0.000194161421774197
9.5855568,10.352499,12.704021,9.967929,14.660152,0.000769238621527002,-0.385431931097365
9.6155264,10.283056,12.723091,9.995841,14.640711,-0.27290126099669,-0.272132080601793
9.6877648,10.382260,12.827980,9.995841,14.757356,0.171367986768122,-0.0947432831746795
9.716864,10.382260,12.837515,9.958625,14.747635,0.421034424570714,0.0067077419553172
9.7615632,10.342578,12.875656,9.958625,14.718474,0.541584618578852,0.133577006126863
9.7989296,10.382260,12.799374,9.949321,14.728195,0.369142296210998,-0.0842080629828885
9.8305376,10.382260,12.751697,9.958625,14.728195,0.105743580797587,-0.206289581287052
9.8989232,10.372339,12.827980,9.958625,14.767076,0.245322487754514,0.0538720182246699
9.9302816,10.362419,12.837515,9.995841,14.805958,-0.0887621759489807,0.0767807630146571
9.961632,10.352499,12.827980,10.005145,14.718474,0.161912045372376,-0.117369531859005
10.00144,10.392180,12.770768,9.921410,14.718474,0.44697854742503,-0.112509141303583
10.0327024,10.292977,12.761233,9.949321,14.757356,-0.354581646553829,0.14273171114246
10.0776,10.342578,12.704021,9.949321,14.679593,-0.0494230817440249,-0.267520814771714
10.1243024,10.322738,12.770768,9.977233,14.737915,-0.207505169054281,-0.0357612104518275
10.1542848,10.402100,12.799374,10.005145,14.669872,0.47261493402605,-0.409454734352373
10.184176,10.412021,12.770768,9.977233,14.699033,0.380006714143205,-0.359150972157817
10.216816,10.342578,12.742162,9.977233,14.689313,-0.0357118734221773,-0.246801293461246
10.2667136,10.292977,12.684950,9.967929,14.669872,-0.411094745614576,-0.240955205921747
10.306808,10.372339,12.761233,9.930714,14.679593,0.439633312725679,-0.181826471972819
10.3417024,10.362419,12.770768,10.023752,14.689313,-0.0127563581291117,-0.370453871317437
10.3789472,10.292977,12.704021,9.967929,14.679593,-0.364045890886785,-0.182329616883468
10.416736,10.352499,12.675415,9.958625,14.650432,-0.0499118592003223,-0.438048412069211
10.4504656,10.292977,12.627738,9.977233,14.621270,-0.508039274483161,-0.482631859500774
10.5143568,10.273136,12.627738,9.949321,14.601830,-0.393341414902024,-0.390907990859059
10.5502672,10.273136,12.704021,10.005145,14.718474,-0.790633837994979,-0.15103008793065
10.5917152,10.312817,12.732627,9.995841,14.728195,-0.471630479936754,-0.156616928116112
10.6268064,10.292977,12.713556,9.958625,14.660152,-0.193054149596798,-0.176895573188329
10.662784,10.233455,12.780303,9.949321,14.708754,-0.331559492866317,0.246893929748207
10.7041456,10.263216,12.799374,9.986537,14.669872,-0.0950715295769831,0.0222908946995197
10.7451536,10.352499,12.742162,9.986537,14.737915,-0.242792430870745,-0.200847031167054
10.7765712,10.302897,12.713556,9.949321,14.708754,-0.318897885342153,-0.0797523342466882
10.808952,10.362419,12.694485,9.977233,14.689313,-0.16617400733324,-0.398181082239191
10.846416,10.312817,12.704021,9.940018,14.718474,-0.318915522785032,-0.0810721792605769
10.8783872,10.263216,12.646809,9.958625,14.708754,-0.860754607609548,-0.131897279776656
10.907632,10.322738,12.646809,9.977233,14.669872,-0.491353151209577,-0.426125498465144
10.948024,10.322738,12.723091,9.912106,14.708754,-0.0176684509553491,-0.0125741895255906
10.9786864,10.302897,12.713556,9.995841,14.669872,-0.352383112156565,-0.286677659948719
11.0200832,10.312817,12.713556,9.912106,14.708754,-0.10899234104346,-0.00462468738712829
11.0553152,10.332658,12.684950,9.986537,14.669872,-0.30616630620721,-0.401104107235344
11.0901392,10.292977,12.770768,9.986537,14.699033,-0.217462592933975,-0.058387505796734
11.1228528,10.312817,12.732627,9.940018,14.708754,-0.141987550743815,-0.0427198838075711
11.1779056,10.312817,12.694485,9.995841,14.699033,-0.523121079660609,-0.293376552319845
11.2167376,10.253295,12.599132,9.940018,14.533787,-0.281148319239604,-0.508767574973646
11.2437216,10.322738,12.618203,9.912106,14.621270,-0.126029651883319,-0.40476965373173
11.2765152,10.292977,12.713556,9.930714,14.669872,-0.113127580086099,-0.0802677868098769
11.3265632,10.283056,12.732627,9.912106,14.640711,0.140045076081067,-0.02216236650127
11.3567328,10.302897,12.770768,9.912106,14.718474,0.070178575113256,0.158451637043576
11.3867056,10.233455,12.732627,9.912106,14.669872,-0.221592390625351,0.174072784294509
11.4376624,10.302897,12.751697,9.921410,14.728195,-0.102717490903699,0.113890290943647
11.468944,10.302897,12.789839,9.940018,14.747635,-0.0907542907485484,0.179231428575097
11.4988256,10.283056,12.818445,9.986537,14.689313,0.00198969637034452,0.0457757881727225
11.5541392,10.332658,12.761233,9.940018,14.699033,0.127742516557559,-0.0589411299897975
11.6002304,10.292977,12.789839,9.940018,14.572669,0.631927737467445,-0.148477727137617
11.6404688,10.312817,12.780303,9.930714,14.660152,0.335827512826027,-0.019002993248975
11.6828288,10.283056,12.751697,9.874891,14.708754,0.0939240957498022,0.257458409860437
11.7126224,10.283056,12.751697,9.940018,14.699033,-0.149508664648337,0.0581612978838244
11.7439072,10.302897,12.770768,9.940018,14.679593,0.118350443031619,0.00279615843704306
11.7988832,10.283056,12.656344,9.930714,14.660152,-0.386359515596761,-0.189287676231089
11.8367456,10.302897,12.646809,9.921410,14.660152,-0.296882970854098,-0.237788066720785
11.8703216,10.332658,12.684950,9.893498,14.660152,0.145420990384346,-0.165098394900035
11.9076512,10.372339,12.742162,9.958625,14.689313,0.185211220310041,-0.277386808698775
11.9390848,10.302897,12.732627,9.930714,14.669872,0.0230444768649187,-0.0688039820339164
11.9686592,10.273136,12.684950,9.912106,14.660152,-0.216476608753661,-0.0522814714781745
12.008904,10.292977,12.684950,9.893498,14.640711,0.0444910898472859,-0.0953047128394431
12.04016,10.302897,12.665879,9.921410,14.669872,-0.249819702698937,-0.179060283341375
12.0715344,10.283056,12.732627,9.930714,14.679593,-0.11284679814565,0.00560050241037047
12.1040128,10.283056,12.713556,9.967929,14.708754,-0.493697514194692,-0.0763605761781037
12.1527664,10.312817,12.789839,9.940018,14.718474,0.0834896418227462,0.0929601004583773
12.1827856,10.322738,12.818445,9.949321,14.757356,0.0525655352844101,0.176565581416721
12.2143264,10.322738,12.866121,9.949321,14.767076,0.232589379814494,0.292303562710188
12.2654256,10.283056,12.808909,9.958625,14.796237,-0.388317458911843,0.319238543067584
12.2964208,10.352499,12.837515,9.977233,14.718474,0.328539962507272,-0.0216557744822659
12.325352,10.362419,12.866121,9.921410,14.776796,0.497113349270104,0.279574122440728
12.3690944,10.362419,12.837515,9.912106,14.660152,0.916783504996623,0.0117926130694173
12.408952,10.322738,12.770768,9.930714,14.728195,0.0388257692789997,0.0723337815098617
12.4589056,10.362419,12.780303,9.893498,14.708754,0.517801517206785,0.0454901140295618
12.5077984,10.332658,12.818445,9.949321,14.757356,0.0989117103992054,0.149327617969551
12.5380672,10.322738,12.761233,9.949321,14.669872,0.16846629676828,-0.116441029776446
12.5713008,10.352499,12.761233,9.949321,14.650432,0.393226535937332,-0.237697494730934
12.6200768,10.302897,12.780303,9.893498,14.708754,0.239300259914315,0.209344884449173
12.6501504,10.302897,12.761233,10.014449,14.679593,-0.252754083824546,-0.221043200567969
12.6814272,10.332658,12.723091,9.921410,14.679593,0.116116720883666,-0.124728091879224
12.7228736,10.322738,12.723091,9.949321,14.630991,0.160563085173972,-0.273137526464584
12.7626,10.352499,12.732627,9.958625,14.630991,0.30387550317782,-0.36102966868442
12.7923616,10.283056,12.761233,9.893498,14.640711,0.35635516511925,0.0873484881721396
12.8262528,10.402100,12.751697,10.014449,14.679593,0.166819486696134,-0.51198483663827
12.8814768,10.352499,12.742162,9.977233,14.757356,-0.287113386093694,-0.135942916820717
12.9141056,10.392180,12.837515,9.949321,14.786517,0.337837686289496,0.0834627906795689
12.9550896,10.332658,12.799374,9.977233,14.757356,-0.112288440979619,0.0342248663516713
12.9850976,10.332658,12.780303,9.958625,14.728195,0.00755921747805477,-0.0122929937775034
13.0152256,10.352499,12.856586,9.949321,14.708754,0.582362371926703,0.0737576119189036
13.046864,10.342578,12.818445,9.977233,14.728195,0.150707832982442,-0.0133721346067226
13.1011696,10.372339,12.866121,9.967929,14.737915,0.50985176070014,0.0465128100354235
13.1374656,10.402100,12.751697,9.958625,14.669872,0.45423546083036,-0.379066353127605
13.169984,10.312817,12.856586,9.893498,14.728195,0.556986971934801,0.375478556756104
13.2086448,10.283056,12.732627,9.930714,14.728195,-0.326167946488998,0.104252144103981
13.2387088,10.352499,12.751697,9.940018,14.718474,0.0906981082292031,-0.0933454195368242
13.2686976,10.342578,12.713556,9.912106,14.679593,0.158826654143113,-0.145815938143496
13.3099408,10.332658,12.761233,9.921410,14.660152,0.380357181727737,-0.0867195445782407
13.3399872,10.342578,12.780303,9.940018,14.708754,0.22075553518487,-0.0278194208730191
13.3701392,10.332658,12.866121,9.958625,14.747635,0.323203980648056,0.200371425740972
13.403952,10.392180,12.847050,9.986537,14.786517,0.219640227162365,0.000885596382431686
13.4415776,10.362419,12.808909,9.967929,14.689313,0.409938703443095,-0.140257387451335
13.4742064,10.312817,12.723091,9.949321,14.601830,0.242371426051986,-0.305309026357484
13.5041632,10.332658,12.694485,9.930714,14.640711,0.111955403211005,-0.287742598277557
13.5441088,10.253295,12.713556,9.930714,14.611550,-0.0431345523847426,-0.0896305744024382
13.575416,10.412021,12.723091,9.930714,14.786517,-0.0219809327194822,-0.15112787009819
13.6054048,10.312817,12.761233,9.958625,14.718474,-0.132050188816412,-0.0161306975165552
13.6376288,10.322738,12.761233,9.949321,14.708754,-0.00217860598050468,-0.0375318320064473
13.6776592,10.223534,12.751697,9.912106,14.699033,-0.306710585651529,0.299376689225102
13.71776,10.302897,12.780303,9.930714,14.640711,0.374889975332532,-0.0311768513082136
13.7489424,10.342578,12.799374,9.940018,14.728195,0.22464981179286,0.0501558768472492
13.8013296,10.352499,12.761233,9.930714,14.728195,0.133491122676119,-0.0287624541259959
13.830136,10.312817,12.770768,9.977233,14.650432,0.129461717774267,-0.185996101289113
13.860312,10.302897,12.723091,9.958625,14.699033,-0.272287546388235,-0.105716825660139
13.9055168,10.283056,12.751697,9.921410,14.699033,-0.0678175508096137,0.109422891977669
13.9414272,10.352499,12.751697,9.930714,14.660152,0.387680791185129,-0.186217753669553
13.9724656,10.352499,12.761233,9.949321,14.669872,0.307796240964494,-0.198185971572336
14.006552,10.342578,12.742162,9.940018,14.679593,0.170244115784179,-0.16439110309744
14.0438816,10.273136,12.675415,9.977233,14.630991,-0.419532587475779,-0.310704481419979
14.0749264,10.322738,12.732627,9.940018,14.699033,-0.052801605378896,-0.0897375080022584
14.1140512,10.342578,12.751697,9.940018,14.679593,0.214902333295655,-0.145018378691891
14.1690752,10.402100,12.713556,9.940018,14.699033,0.229614001886763,-0.346351483119079
14.198848,10.292977,12.665879,9.893498,14.611550,0.0833112190546084,-0.193742188441508
14.2291776,10.213614,12.618203,9.949321,14.543507,-0.462718445936122,-0.365676563774361
14.2695312,10.312817,12.627738,9.930714,14.592109,-0.0813211384460359,-0.468897382904345
14.2987824,10.342578,12.704021,10.005145,14.660152,-0.20903470288514,-0.460282885924386
14.3314448,10.243375,12.656344,9.940018,14.650432,-0.571713158242321,-0.125316370244921
14.3840544,10.302897,12.770768,9.940018,14.669872,0.161053782650214,-0.0169310326662035
14.4102992,10.302897,12.751697,9.884194,14.689313,0.231626009853821,0.137605403931094
14.4415872,10.312817,12.761233,9.977233,14.660152,0.0421124058739739,-0.185620012048432
14.4754624,10.322738,12.713556,9.902802,14.660152,0.19220346194603,-0.105142412769144
14.512976,10.332658,12.789839,9.930714,14.669872,0.430567980709958,-0.0344961365457763
14.5427744,10.283056,12.694485,9.930714,14.708754,-0.420217319655457,-0.0126493236950971
14.5741872,10.322738,12.761233,9.949321,14.737915,-0.129979990229147,0.0215657709251964
14.6255728,10.322738,12.789839,9.921410,14.689313,0.339607401629956,0.0577875806602925
14.6569232,10.302897,12.742162,9.912106,14.679593,0.106868758794125,0.0215739975859961
14.6866144,10.392180,12.742162,9.902802,14.689313,0.523202403829115,-0.178661221191884
14.72756,10.302897,12.742162,9.921410,14.679593,0.0659653074574766,-0.00405456934663917
14.7589936,10.283056,12.770768,9.893498,14.679593,0.229846873873827,0.185639767371157
14.7879664,10.292977,12.675415,9.893498,14.689313,-0.214380630657248,-0.0157190986111431
14.8204512,10.312817,12.704021,9.912106,14.728195,-0.239120885058512,0.0154907654507888
14.8590704,10.352499,12.694485,9.986537,14.757356,-0.551203823183924,-0.258142354456826
14.8902528,10.283056,12.675415,9.949321,14.747635,-0.761939386872856,-0.0236473345169728
14.9204656,10.263216,12.704021,9.874891,14.699033,-0.180720948018234,0.195804197801706
14.9613552,10.302897,12.694485,9.921410,14.679593,-0.157972062562693,-0.1009926381833
15.000608,10.322738,12.694485,9.874891,14.689313,0.0971440328427198,-0.00768141406172163
