0.0358896,11.337698,12.427075,11.423125,14.336711,0.384524664990897,0.103735791928518
0.0759584,11.377346,12.407992,11.423125,14.249314,0.845343404176855,-0.220638463025249
0.123216,11.357522,12.350744,11.451046,14.288157,0.213849064863147,-0.279884470175677
0.1543424,11.327785,12.407992,11.460353,14.336711,0.096525083313157,-0.00458184628786462
0.1843744,11.268312,12.350744,11.413819,14.288157,-0.0371271966883242,0.0349999979097628
0.2258528,11.367434,12.388909,11.423125,14.259025,0.672621792969032,-0.215925246095193
0.25556,11.288137,12.427075,11.516195,14.259025,0.0943963710507916,-0.169069642132756
0.2871104,11.367434,12.417534,11.413819,14.385265,0.311794714904361,0.135413511427863
0.318392,11.357522,12.388909,11.432432,14.297868,0.425071452542555,-0.131906217664865
0.3583152,11.327785,12.379368,11.460353,14.249314,0.332860903526985,-0.250852184941378
0.3881936,11.317873,12.398451,11.423125,14.297868,0.327059418858557,0.0101436798475358
0.4195248,11.407083,12.379368,11.432432,14.327000,0.484761926874704,-0.213396160559013
0.4606,11.347610,12.369827,11.451046,14.307579,0.174131397202377,-0.173429120737319
0.5118816,11.317873,12.322120,11.432432,14.181339,0.430126835225369,-0.423790855169456
0.540768,11.327785,12.312578,11.460353,14.181339,0.314077848990648,-0.538365099864263
0.5809632,11.298049,12.341202,11.478967,14.200761,0.148809305302402,-0.408016051430018
0.612,11.367434,12.407992,11.460353,14.259025,0.602846678159771,-0.267837755754723
0.6419088,11.377346,12.407992,11.478967,14.336711,0.243987160616939,-0.17378691726392
0.6845008,11.357522,12.427075,11.478967,14.336711,0.240617643246329,-0.0842299978865988
0.7319344,11.337698,12.465241,11.432432,14.394976,0.274830074353108,0.284224942456916
0.7634544,11.357522,12.455699,11.451046,14.317290,0.568982010840445,0.00453372542479968
0.7984896,11.367434,12.465241,11.469660,14.385265,0.294677043882809,0.0974809693842111
0.8359552,11.377346,12.493865,11.469660,14.394976,0.428702637753153,0.153696523469815
0.8659264,11.416995,12.446158,11.441739,14.365843,0.630882191501703,-0.0374310177037138
0.900664,11.367434,12.465241,11.488274,14.414397,0.0952950018655176,0.112750575020447
0.9456944,11.377346,12.427075,11.478967,14.307579,0.452684431384823,-0.195077646517138
0.9782416,11.367434,12.465241,11.432432,14.394976,0.409759061425822,0.210335755078292
1.0070272,11.426907,12.503406,11.441739,14.288157,1.26056306585341,-0.105179031516444
1.0484848,11.397171,12.493865,11.469660,14.346422,0.721509310615597,0.00223025104699737
1.0808736,11.367434,12.436616,11.506888,14.278447,0.456078210772187,-0.281229953673595
1.109592,11.377346,12.388909,11.451046,14.297868,0.43710318668438,-0.227373816710182
1.1421456,11.367434,12.417534,11.441739,14.288157,0.602019938864155,-0.139524803259583
1.178504,11.377346,12.427075,11.488274,14.288157,0.495085362760419,-0.259313485038881
1.2095552,11.397171,12.436616,11.506888,14.249314,0.71319329432608,-0.416668281503265
1.241104,11.397171,12.427075,11.413819,14.249314,1.06121427417226,-0.206224594822435
1.2922592,11.337698,12.369827,11.395205,14.249314,0.608769650474549,-0.133670437719189
1.3423312,11.327785,12.360285,11.451046,14.249314,0.284964285620948,-0.268324271357359
1.3758528,11.426907,12.465241,11.441739,14.229893,1.33309328892228,-0.309453914796968
1.4230896,11.436820,12.417534,11.451046,14.229893,1.12275913094681,-0.458415473889563
1.4542688,11.407083,12.465241,11.432432,14.288157,1.03738891627467,-0.113725895732014
1.4844624,11.397171,12.465241,11.441739,14.307579,0.871825645668233,-0.0711198212693098
1.5258416,11.347610,12.474782,11.441739,14.278447,0.812754770565695,0.010460405562231
1.5562976,11.387259,12.465241,11.451046,14.288157,0.869383767018395,-0.110723658798184
1.5870944,11.377346,12.407992,11.432432,14.268736,0.72445401768252,-0.202498919215273
1.6219168,11.357522,12.474782,11.469660,14.229893,0.944470035898471,-0.186388945446073
1.6569696,11.407083,12.503406,11.441739,14.327000,1.00789645036573,0.0259987923850442
1.6894032,11.426907,12.484323,11.423125,14.278447,1.29339589245458,-0.119964589758345
1.719544,11.387259,12.427075,11.516195,14.317290,0.301131774079954,-0.29123077601521
1.7609952,11.426907,12.446158,11.506888,14.278447,0.768988731300215,-0.408128571776793
1.810968,11.387259,12.455699,11.441739,14.278447,0.906031735152119,-0.128412666881676
1.8420848,11.377346,12.436616,11.488274,14.268736,0.619863845372725,-0.280270912515165
1.8923728,11.446732,12.493865,11.478967,14.356133,0.865909594346801,-0.122908510688942
1.9244592,11.377346,12.436616,11.423125,14.278447,0.852757551944222,-0.0980348986686188
1.9583456,11.397171,12.493865,11.460353,14.317290,0.882572448514248,-0.03622039902565
2.0359008,11.476468,12.474782,11.497581,14.414397,0.592835608403089,-0.159648168700029
2.06588,11.347610,12.417534,11.460353,14.220182,0.719449623387558,-0.28090241474052
2.1120368,11.337698,12.331661,11.469660,14.200761,0.325533302617053,-0.503835439935616
2.1460256,11.337698,12.388909,11.432432,14.229893,0.620711899569159,-0.227086847380574
2.1769648,11.407083,12.417534,11.525502,14.259025,0.552800154153587,-0.507113595671976
2.2084304,11.416995,12.427075,11.441739,14.268736,0.951894454195294,-0.283452407987255
2.2570848,11.446732,12.417534,11.423125,14.336711,0.836077853785268,-0.187138595770495
2.2881664,11.407083,12.474782,11.385898,14.317290,1.15375323268559,0.0836014635008517
2.3221904,11.436820,12.446158,11.413819,14.268736,1.24560381049493,-0.222897056714748
2.369584,11.347610,12.417534,11.423125,14.278447,0.630945352864428,-0.0645877066836249
2.3996656,11.407083,12.474782,11.441739,14.346422,0.796976111312663,0.00657006764145152
2.4306368,11.446732,12.474782,11.478967,14.336711,0.861004778364224,-0.204204301276283
2.4820976,11.347610,12.407992,11.469660,14.268736,0.432802310689654,-0.221101835792551
2.5134688,11.436820,12.436616,11.488274,14.229893,1.05260908557414,-0.50995131064235
2.5556848,11.476468,12.417534,11.469660,14.239604,1.18312468122898,-0.58185581641203
2.6108544,11.436820,12.407992,11.497581,14.229893,0.883811846131618,-0.593829022826398
2.6483392,11.387259,12.436616,11.451046,14.307579,0.658065390108144,-0.130212056489222
2.6880256,11.426907,12.446158,11.451046,14.249314,1.12580155368336,-0.331789946361907
2.72716,11.446732,12.398451,11.460353,14.268736,0.878706795655717,-0.46397435626289
2.7559072,11.407083,12.493865,11.441739,14.268736,1.20945183470219,-0.117322158002917
2.7858416,11.436820,12.484323,11.506888,14.288157,0.945757158979731,-0.331191704089239
2.8421296,11.397171,12.360285,11.413819,14.210471,0.921480873176428,-0.431035228924785
2.8784208,11.327785,12.417534,11.423125,14.200761,0.867947879202356,-0.180330728467473
2.9096464,11.397171,12.303037,11.432432,14.229893,0.500388331531243,-0.558003800761901
2.9496352,11.407083,12.388909,11.441739,14.220182,0.938046226116663,-0.443245473975349
2.9811648,11.377346,12.436616,11.423125,14.288157,0.811925208497579,-0.0774493038114183
3.0133456,11.416995,12.436616,11.423125,14.259025,1.11429915104,-0.23765755497242
3.0632704,11.387259,12.407992,11.441739,14.365843,0.322909692113685,-0.044382545255738
3.1034032,11.407083,12.436616,11.432432,14.191050,1.31660736265977,-0.380614342247746
3.1360288,11.367434,12.388909,11.404512,14.268736,0.710098330782484,-0.148997669975119
3.177112,11.347610,12.341202,11.432432,14.239604,0.407521608969935,-0.332678151464892
3.2045888,11.367434,12.446158,11.451046,14.278447,0.733714357547109,-0.122530072699627
3.24588,11.416995,12.350744,11.488274,14.210471,0.654637021064364,-0.685169764199308
3.3072384,11.397171,12.436616,11.395205,14.210471,1.34680924738616,-0.222238890821822
3.3373248,11.416995,12.360285,11.432432,14.239604,0.810417146662235,-0.464349651644122
3.3695872,11.387259,12.493865,11.460353,14.307579,0.87844381412342,-0.0321713452783232
3.4144224,11.377346,12.388909,11.385898,14.220182,1.03836063069723,-0.230622951497931
3.4509024,11.347610,12.436616,11.413819,14.142496,1.33037674822776,-0.289971264502656
3.4818592,11.456644,12.474782,11.432432,14.191050,1.71366490795128,-0.422283885136759
3.5109152,11.416995,12.484323,11.395205,14.259025,1.44789566367409,-0.0672222613867
3.5671328,11.337698,12.455699,11.385898,14.191050,1.28480600237539,-0.0517584073461386
3.602248,11.377346,12.427075,11.395205,14.132785,1.54202945375942,-0.358709522860698
3.6496624,11.337698,12.436616,11.385898,14.074521,1.69176365350223,-0.340807553719937
3.694512,11.377346,12.455699,11.385898,14.200761,1.42377165139051,-0.129866503074167
3.7233856,11.466556,12.512948,11.376591,14.229893,2.00243230586297,-0.145090206363776
3.7685712,11.436820,12.455699,11.423125,14.249314,1.33137018880655,-0.26692475449437
3.805736,11.347610,12.465241,11.404512,14.268736,0.966900742787418,0.0622807341038136
3.8372928,11.397171,12.446158,11.348670,14.259025,1.38155684360322,0.0168878057237745
3.8900272,11.367434,12.522489,11.432432,14.268736,1.19871561099967,0.0647057392714068
3.9397056,11.387259,12.427075,11.441739,14.278447,0.776185762759113,-0.18909862001339
3.9769504,11.397171,12.379368,11.460353,14.239604,0.689552582835418,-0.443785509368718
4.0193872,11.397171,12.360285,11.423125,14.181339,1.00514688844156,-0.516323535029382
4.0481936,11.357522,12.360285,11.423125,14.229893,0.619823880716117,-0.314209040123536
4.078632,11.367434,12.407992,11.413819,14.210471,1.00321556513282,-0.255475647053126
4.119728,11.397171,12.388909,11.441739,14.229893,0.852113938888436,-0.397979279023104
4.1496992,11.357522,12.388909,11.488274,14.239604,0.435248414982793,-0.394393135456301
4.1837776,11.357522,12.436616,11.413819,14.229893,1.00635854026723,-0.128659403456862
4.225872,11.426907,12.493865,11.460353,14.278447,1.18004979920643,-0.191989758144388
4.2696912,11.456644,12.446158,11.423125,14.297868,1.17361964400735,-0.233330130054187
4.3172496,11.416995,12.446158,11.432432,14.239604,1.20011555385086,-0.28171188324659
4.3660784,11.367434,12.417534,11.469660,14.181339,0.933971355989069,-0.435917609080416
4.4034064,11.407083,12.417534,11.395205,14.220182,1.26421174334361,-0.266802094811315
4.43436,11.367434,12.436616,11.395205,14.288157,0.884369566337115,0.0166094160657728
4.4745136,11.387259,12.484323,11.441739,14.268736,1.07654920673232,-0.088352854671335
4.50564,11.407083,12.493865,11.432432,14.297868,1.12612480888621,-0.0326219886931511
4.5469632,11.397171,12.474782,11.376591,14.297868,1.22977160236412,0.0903063578259253
4.5895872,11.407083,12.484323,11.451046,14.268736,1.12716152478609,-0.160590704542338
4.629536,11.387259,12.493865,11.469660,14.327000,0.758000752890174,-0.0142106349229749
4.6596416,11.466556,12.446158,11.488274,14.239604,1.18950990515139,-0.542516665452112
4.703128,11.407083,12.503406,11.413819,14.239604,1.49277354137323,-0.0895416855014837
4.7306032,11.377346,12.484323,11.460353,14.288157,0.871856488941757,-0.0688342666102457
4.7619664,11.377346,12.493865,11.478967,14.268736,0.918461141296579,-0.135891101122988
4.7971696,11.416995,12.446158,11.432432,14.249314,1.15923132650619,-0.261098454054462
4.8431088,11.466556,12.465241,11.478967,14.259025,1.23325417559833,-0.437818875708956
4.8846208,11.446732,12.427075,11.385898,14.297868,1.19898605885184,-0.156925989625989
4.9145824,11.446732,12.446158,11.441739,14.239604,1.29556219953895,-0.378449184934025
4.956944,11.416995,12.484323,11.432432,14.268736,1.25026972795562,-0.139021705843565
4.9871648,11.426907,12.493865,11.469660,14.268736,1.18174578454164,-0.235575212552408
5.0183168,11.377346,12.493865,11.441739,14.220182,1.27921697271595,-0.146415152483117
5.0520752,11.347610,12.436616,11.395205,14.200761,1.16277830172308,-0.119571035689887
5.0885408,11.446732,12.417534,11.404512,14.239604,1.32279693997106,-0.347023283268431
5.1196016,11.407083,12.465241,11.404512,14.239604,1.35929629776746,-0.147333212972782
5.1532528,11.387259,12.427075,11.413819,14.239604,1.05714137222883,-0.202228138797079
5.2110352,11.387259,12.455699,11.506888,14.278447,0.632589520994998,-0.289855472489105
5.2420944,11.496293,12.455699,11.395205,14.278447,1.59505415786397,-0.283298641570246
5.2759856,11.397171,12.503406,11.451046,14.249314,1.25031239697292,-0.136737846077084
5.323408,11.387259,12.503406,11.413819,14.268736,1.28039572409575,0.0213466463742797
5.354608,11.436820,12.427075,11.451046,14.278447,0.96180251067597,-0.33500796851656
5.3845968,11.436820,12.427075,11.478967,14.229893,1.04852314596085,-0.50722033019499
5.4371472,11.407083,12.455699,11.488274,14.278447,0.800476583172735,-0.292851126903182
5.4683808,11.407083,12.455699,11.460353,14.220182,1.16265082547059,-0.347332978065833
5.498432,11.377346,12.388909,11.432432,14.229893,0.801182366426529,-0.325657037978683
5.539456,11.377346,12.407992,11.441739,14.152207,1.17636178425951,-0.473668366733648
5.5709664,11.367434,12.303037,11.404512,14.064810,1.18070222583705,-0.768453853007253
5.6110944,11.258400,12.207623,11.367284,14.093942,0.27742585633764,-0.545861526858724
5.6608464,11.327785,12.188540,11.367284,14.055099,0.673864524388842,-0.84443143008165
5.6919488,11.337698,12.121750,11.432432,13.957992,0.54809141940825,-1.38705097713969
5.7234992,11.218751,12.035878,11.264907,13.773487,1.10936456656997,-1.26000027703254
5.764672,11.258400,12.007253,11.357977,13.831752,0.50925238448594,-1.52881488825962
5.8132896,11.516117,12.054960,11.478967,13.909438,1.06980869376806,-2.19671129078881
5.8473216,11.724273,12.217164,11.711641,14.045389,1.19686325232297,-2.62679131293389
5.878384,11.783746,12.188540,11.702334,14.035678,1.41592688852513,-2.83129315160409
5.916048,11.724273,12.083585,11.683720,13.880306,1.40512542207152,-3.20904612620392
5.9472944,11.644976,11.911839,11.572037,13.676380,1.60213069378834,-3.57192737226308
5.977288,11.585502,11.950005,11.572037,13.608405,1.79577517321676,-3.49236096168489
6.0271104,11.704449,12.093126,11.693027,13.812331,1.60682596133514,-3.31158668435875
6.0610448,11.912605,12.264871,11.869859,14.113364,1.31224027118258,-3.21123226847442
6.0996864,11.942342,12.484323,11.879166,14.268736,1.73778979848622,-2.50262664856777
6.1496304,11.942342,12.722858,11.897780,14.521215,1.67331138958247,-1.51433582440603
6.1894976,12.061288,12.894603,11.935008,14.831959,1.52532740872307,-0.888917256057946
6.2259248,12.120761,13.381215,12.083919,15.356340,1.17973161602119,0.649965328598755
6.2710096,12.200059,13.934616,12.195603,15.871010,1.38919995018595,2.26799239724752
6.3020704,12.219883,14.259023,12.223524,16.249729,1.24876873378101,3.47212364088944
6.3434832,12.269444,14.497558,12.279365,16.570184,0.99929098142244,4.25155051473276
6.383416,12.428039,15.098666,12.391049,17.143118,1.4893781282486,5.71892717890599
6.413168,12.437952,15.461240,12.456198,17.696631,0.701328315979525,7.11730388431922
6.4555888,12.398303,15.919227,12.437584,18.123904,0.854969502940232,8.71619523476805
6.5071136,12.626283,16.348365,12.623723,16.386844,8.97196600115448,5.60541858188826
6.5357136,12.626283,17.000765,12.614416,17.131680,8.67197653193672,7.96205767663104
6.5785568,12.616371,17.274962,12.595802,17.437254,8.59404777221186,8.96222852091603
6.6196576,12.546986,17.917907,12.567881,18.277582,7.76220096479557,11.4925944764381
6.6582704,12.537074,18.352841,12.586495,18.726393,7.63389187203703,12.8006969202127
6.6981392,12.576722,18.768864,12.660951,19.194303,7.36016372540992,13.8432801160606
6.7393808,12.884001,19.723826,12.958773,20.321107,6.89777998066997,15.4621815673976
6.7694224,13.072332,20.432957,13.219368,21.065943,6.61495232137469,16.4625433183221
6.8011136,13.151630,20.896255,13.210061,21.390615,7.36271442252948,17.3352336104853
6.8633856,12.913737,21.359554,12.958773,21.734385,7.78802331480959,19.3560078743924
6.9023344,12.814615,21.898493,12.940159,22.345533,7.3351237143522,21.0009534988893
6.9370336,12.893913,22.513072,12.884318,22.765697,8.3656020799538,22.1749792409832
6.9745904,12.973210,22.900730,13.023922,23.319549,7.69847399337334,22.8129578181285
7.0033824,13.201191,23.307299,13.237982,23.730164,7.75169084171624,22.8478980760311
7.0344976,13.260664,23.420759,13.331052,23.787459,7.82383386383988,22.7360301376064
7.0771984,13.349874,23.430214,13.414814,23.768361,7.92618956519208,22.3842382629876
7.1320112,13.538206,23.524765,13.554418,23.930697,7.88009836519598,22.0285142418885
7.1770848,13.647240,23.572041,13.619567,23.949795,8.09264999814894,21.7640225950503
7.219696,13.825660,23.685501,13.815013,24.169426,7.74884648807843,21.4133363530104
7.254536,14.013991,23.865148,14.010459,24.369959,7.68294932889666,21.1021720752643
7.2922224,13.974343,23.486945,13.945311,24.073934,7.50569134952737,20.5539712091086
7.3296672,14.103201,23.297843,14.066301,23.768361,7.85828853426665,19.5223720340385
7.3596544,14.370831,23.137107,14.233826,23.711066,7.85230422802744,18.4530935837241
7.3911472,14.440216,22.607623,14.336203,23.462787,6.93331636827266,17.2300334442748
7.4331152,14.400567,22.494162,14.373431,23.338648,6.73422720173406,16.9554188711571
7.4607504,14.460040,22.257786,14.513035,23.329098,5.84141966875915,16.2913996133167
7.4906608,14.519514,22.182145,14.513035,23.109467,6.42373507694288,15.8278738896125
7.5243728,14.598811,22.276696,14.587491,23.061721,6.85840247410586,15.5971620092079
7.5619824,14.717757,22.248330,14.615411,22.994877,7.2359194590533,15.2100005587553
7.6096176,14.638460,22.002499,14.531649,22.670205,7.46158406725523,14.8225850380024
7.6595936,14.777231,22.182145,14.531649,22.842090,7.89921484779697,14.9910190195773
7.69452,15.114245,22.267241,14.969076,22.947131,7.56861657404307,13.7976397269156
7.7470608,15.203455,22.323971,15.062145,22.947131,7.72501692497913,13.5356759818257
7.797144,15.173719,22.371246,15.220364,23.013975,7.13654693311895,13.4415698860133
7.828544,15.114245,22.219965,15.238978,23.138115,6.12390648025025,13.4824801006715
7.8582976,15.044860,22.210510,15.145908,23.138115,6.15790111899293,13.7647959646383
7.9096624,15.054772,22.238875,15.173829,23.224057,5.94762862784061,13.8339957270068
7.9394864,14.846616,21.926858,15.071452,22.937582,5.52905152999953,13.673928854527
7.9820544,14.965562,21.822852,15.099373,22.794344,5.90185403114512,13.1029542779959
8.0309632,15.143982,21.860672,15.248285,22.899385,5.81325881645478,12.6841490183444
8.0631904,15.253016,21.851217,15.387889,22.928033,5.62782118012897,12.2599365662567
8.09224,15.431436,21.766122,15.564721,22.918484,5.42822385170809,11.5086554363962
8.1360608,15.451260,21.756667,15.555414,22.842090,5.69965989408234,11.3838965899476
8.1873136,15.599943,21.955223,15.574028,22.937582,6.38386136460864,11.4495574608547
8.2185552,15.471085,21.936313,15.313433,22.660656,7.47850495451349,11.7780468934972
8.266048,15.352138,21.993043,15.183136,22.593811,7.86173810047596,12.2130512246903
8.29692,15.243104,22.371246,15.164522,23.271803,6.7660888776706,13.7272790581134
8.3283072,15.243104,22.503617,15.183136,23.500984,6.45077706533149,14.1251902637318
8.3796752,15.104333,22.475252,15.164522,23.682418,5.51593087739812,14.589584266603
8.4256352,14.945738,22.267241,15.062145,23.596475,4.98092780897493,14.7133704610506
8.4619104,14.975475,22.380701,15.127294,23.691967,4.94780637695795,14.7890516285816
8.5010672,15.054772,22.323971,15.183136,23.586926,5.15039239816382,14.3529144216534
8.5408352,15.034948,22.446887,15.164522,23.596475,5.47375097765316,14.5795165667847
8.5723456,15.143982,22.635988,15.285512,23.892500,5.17307097174111,14.737258984939
8.6223184,15.025036,22.541438,15.211057,23.873402,4.81853756731753,14.9514032557483
8.6520976,14.906089,22.427977,15.155215,23.863852,4.32823864235357,15.1225596940613
8.69308,14.856528,22.380701,15.136601,23.968893,3.80787122168537,15.313926597385
8.7432352,14.836704,22.323971,15.211057,23.787459,3.88159029623066,14.9345104053647
8.7733008,14.856528,22.588713,15.192443,24.045287,4.04532016433825,15.5453448610163
8.804704,14.916001,22.673809,15.238978,24.131230,4.09755327094787,15.5529151412284
8.84612,14.896177,22.702174,15.211057,24.150328,4.14638074421997,15.694037713754
8.8773488,14.866440,22.711629,15.313433,24.379508,3.18056993914601,15.8390132232099
8.9082976,14.826792,22.721084,15.276205,24.331762,3.3254383584722,15.9332661894522
8.9408688,14.816879,22.635988,15.164522,24.226721,3.64491156124309,15.9331792812747
8.9813024,14.737582,22.560348,15.108680,24.169426,3.50761019092661,16.0241325018742
9.0310416,14.856528,22.825090,15.164522,24.341311,3.98940662518767,16.2117521493888
9.0670912,14.935826,23.108742,15.164522,24.465451,4.68712211807467,16.5350762544099
9.1020272,14.797055,22.910186,15.071452,24.226721,4.63318172498618,16.453775615293
9.1323056,14.806967,22.787270,15.099373,24.159877,4.41565158904312,16.166713736998
9.1633296,14.747494,22.692719,14.987690,24.007090,4.70280722329004,16.1914902974037
9.2159216,14.707845,22.862910,15.052838,24.198074,4.37103158837816,16.5622614688031
9.2445008,14.836704,22.844000,15.285512,24.398607,3.49965949760557,16.1169158373542
9.2746368,14.846616,22.844000,15.313433,24.436803,3.34803135653666,16.0926832989299
9.3246864,14.737582,22.711629,15.369275,24.427254,2.52714423314624,16.0253983277904
9.3571168,14.727670,22.825090,15.322740,24.618238,2.43393250546139,16.4758599464268
9.387208,14.777231,22.853455,15.313433,24.713730,2.42500846718323,16.5445164194045
9.4318032,14.648372,22.862910,15.266898,24.685082,2.28463315035532,16.838836982399
9.4781824,14.707845,22.844000,15.229671,24.685082,2.50233311701933,16.7771552219022
9.5082512,14.727670,22.891275,15.220364,24.580041,3.00571389486533,16.6924074340438
9.5596272,14.608723,22.891275,15.127294,24.532295,3.0465385429785,17.0219767245791
9.5910464,14.688021,23.014191,15.248285,24.713730,2.80655834688377,17.0049237122411
9.633352,14.648372,23.004736,15.294819,24.799672,2.30767306914377,17.0789740069362
9.6846192,14.588899,22.938551,15.257591,24.780574,2.09820271931943,17.1572002596765
9.7131856,14.588899,23.042557,15.201750,24.933361,2.13596791041404,17.5476222690606
9.7433904,14.628548,23.127652,15.248285,25.095697,1.93253649135465,17.6691160666201
9.776856,14.559162,23.184383,15.136601,25.057500,2.29876915153648,18.0169241674835
9.8094992,14.539338,23.108742,15.155215,25.047951,2.00052298914434,17.9240571884927
9.8359696,14.400567,23.156017,15.071452,25.191189,1.57758584193124,18.5402668244743
9.8673776,14.450128,23.269478,15.117987,25.219836,1.84419184010381,18.5230856411984
9.9062624,14.460040,23.127652,15.201750,25.162541,1.39448788775972,18.1322698436296
9.9369488,14.519514,22.995281,15.257591,25.143443,1.08625620568078,17.7545743237083
9.9668912,14.499689,22.976371,15.406503,25.086148,0.729743465741864,17.4361904555798
9.999384,14.489777,22.806180,15.313433,24.971557,0.764776408639563,17.3017336517358
10.0383376,14.479865,22.749449,15.406503,24.933361,0.424354133522053,17.0440183079907
10.0698544,14.469953,22.739994,15.415810,25.152992,-0.243420541577073,17.2824872932827
10.101136,14.460040,22.758904,15.518186,25.219836,-0.667013070212803,17.212337340581
10.1410384,14.380743,22.475252,15.508879,25.057500,-1.26945562853067,16.867867502351
10.1833488,14.370831,22.569803,15.462345,25.105246,-1.02492972006963,17.1314076214095
10.2136048,14.460040,22.645443,15.685711,25.248484,-1.51564968667655,16.8158234601888
10.2473504,14.410479,22.437432,15.620563,25.200738,-1.96959772759468,16.732462886336
10.2934352,14.430304,22.617078,15.536800,25.324877,-1.493397242337,17.1909734508207
10.3245456,14.380743,22.588713,15.601949,25.363074,-1.99350808505888,17.173974918353
10.356184,14.222148,22.796725,15.453038,25.544508,-1.93497054017331,18.1647771138852
10.4083424,14.331182,23.089832,15.536800,25.840533,-1.76398975394461,18.4675090182459
10.4369744,14.222148,23.156017,15.453038,25.907377,-1.84353894575195,18.9601835428613
10.4669568,14.222148,23.165472,15.425117,25.926475,-1.79319525487896,19.0417225075768
10.5182624,14.073465,23.070922,15.350661,25.869180,-2.15334839413285,19.2801486034332
10.5497024,14.103201,23.080377,15.471651,26.041066,-2.803743697531,19.2046973362469
10.58212,14.142850,23.070922,15.462345,26.069713,-2.76641283775491,19.1707449528098
10.6335056,14.202323,23.108742,15.583335,26.155656,-3.0209988781904,18.9801337536792
10.6620768,14.182499,22.796725,15.601949,25.811885,-3.14109645158106,18.2636642081133
10.69468,14.271709,22.787270,15.713632,25.735492,-3.00053034883564,17.8071784285552
10.74576,14.370831,22.654899,15.704325,25.468115,-2.37453823467383,17.2001632437799
10.7758768,14.499689,22.617078,15.946306,25.468115,-2.74198206170797,16.4953578029088
10.8044784,14.559162,22.427977,16.048683,25.277131,-2.8884041638166,15.7778209127949
10.8386464,14.588899,22.276696,16.141752,25.248484,-3.41164850428758,15.3549759623373
10.8745392,14.767318,22.078139,16.355812,24.971557,-3.30660071103372,14.115197554072
10.9071696,14.707845,21.841762,16.290664,24.656434,-3.17904941093159,13.6898814937521
10.967368,14.767318,21.907948,16.374426,24.665984,-3.05432313158293,13.5266227201149
10.9973088,14.707845,21.718846,16.104524,24.121680,-1.62534711970108,13.2396017718291
11.0283808,14.618635,21.822852,16.048683,24.035738,-1.20017238019391,13.5196807156414
11.0594768,14.638460,21.926858,15.909078,24.026189,-0.431028103123866,13.8464238764946
11.1098352,14.390655,22.182145,15.601949,23.959344,0.607795707652445,15.0700357140327
11.1408608,14.549250,22.390157,15.695018,24.398607,0.241199115956775,15.3733148094468
11.1722496,14.559162,22.305061,15.648484,24.274467,0.48204967426728,15.1954432783322
11.2220848,14.430304,22.163235,15.434424,23.930697,1.20641648664771,15.2464270370086
11.253416,14.291533,22.087594,15.341354,23.873402,0.984867844439979,15.5131153431546
11.2848,14.142850,21.898493,15.090066,23.510533,1.68291610170726,15.5950051214156
11.3233152,14.202323,21.993043,15.015611,23.415041,2.6212161921987,15.6217266032806
11.3562352,14.311357,21.955223,14.987690,23.128566,3.72237884654821,15.0812503580212
11.3848,14.281621,21.926858,14.959769,22.975779,4.06304698687652,14.9692907476261
11.4156592,14.351006,22.002499,14.996997,23.185861,3.79249600238743,15.1164813174318
11.4719568,14.420392,21.983588,15.201750,23.386393,2.80046158798806,14.8286034307032
11.507032,14.083377,21.416284,14.885313,22.813443,2.60178034126525,14.6570739434558
11.5385824,13.904957,21.302823,14.717788,22.851639,2.08057089973022,15.2186338707828
11.5982272,13.379611,20.877345,14.001152,22.097254,3.43949729612388,16.1567748853133
11.6274224,13.508469,21.198817,13.973232,21.954016,5.36680464409033,16.1816621226574
11.6583664,13.657152,21.463559,13.963925,21.600697,7.74643736060783,15.7958462009567
11.6985648,14.043728,21.274458,14.001152,21.018197,10.0258993600344,13.9815409764874
11.7407984,13.994167,20.489687,13.889469,19.853197,11.45805295568,11.7075850499149
11.7770128,14.370831,19.582000,13.908083,18.506762,14.1231837912469,7.73978506918063
11.8206176,14.341094,18.447391,13.619567,17.150779,15.9804490717766,4.58811328616742
11.8531648,14.202323,17.133136,13.331052,18.386095,7.79549996669864,5.32791205947352
11.8956208,14.093289,16.577583,13.107685,17.424730,9.59585334909103,3.55785362216296
11.9431296,13.478733,15.547112,12.493425,16.278861,10.0558512073449,2.43533262342474
11.9748656,13.111981,15.184539,12.204910,15.793324,10.2532344337087,2.3531537222616
12.028432,12.675844,14.669304,11.823325,15.404894,9.56995085088619,2.53522132128443
12.0659504,12.031551,14.030030,11.544116,14.958199,7.29078236111286,2.62807574076077
12.0972448,11.942342,13.753329,11.497581,14.890224,6.22902010731885,2.27904665124212
12.1295968,11.902693,13.467087,11.488274,14.666877,5.80606627539824,1.38335265689956
12.1698704,11.635063,12.990017,11.441739,14.229893,4.60124104602986,0.279930325198915
12.2108544,11.585502,12.484323,11.376591,13.792909,4.27092792073551,-1.43534336268034
12.2407456,11.218751,11.854591,11.236986,13.278239,2.54635386517754,-2.69756360790108
12.2797584,11.189015,11.539725,11.069461,12.967495,3.0497354915448,-3.62889979456572
12.31212,11.060156,11.291649,10.939164,12.676173,3.15498417987989,-4.22868111941718
12.3407632,10.941210,11.119903,10.827480,12.384850,3.60089292861685,-4.73916405578771
12.3907728,10.901561,10.909993,10.734411,12.219767,3.58001291258928,-5.3065607112982
12.4218528,10.861912,10.824120,10.604113,12.025552,4.49604600654324,-5.5512632656933
12.4533392,10.901561,10.900451,10.697183,12.074106,4.398134840036,-5.59186859540289
12.485904,11.010595,11.091279,10.659955,12.093527,5.96100566233433,-5.26214149091765
12.5245456,10.980858,11.129445,10.632034,12.074106,6.22769607625975,-5.06445656895658
12.5595568,11.000683,11.072196,10.585499,12.044974,6.40562681528251,-5.20638829986041
12.5870832,10.931297,11.138986,10.445895,11.986709,7.34343818597582,-4.6316082194023
12.6282768,10.970946,11.062655,10.390053,11.967288,7.52715663349135,-4.82462968483914
12.66092,10.941210,11.158069,10.399360,11.860469,8.32248574040174,-4.79835930244816
12.6895376,10.941210,11.129445,10.334212,11.811916,8.73653480753212,-4.81549272429591
12.71956,10.941210,11.186693,10.296984,11.792494,9.29421319293725,-4.62204698083275
12.7622016,10.901561,11.177152,10.296984,11.763362,9.19616378143373,-4.61156367816828
12.7935008,10.951122,11.129445,10.287677,11.811916,9.012840690146,-4.71743347273498
12.8234208,10.961034,11.224859,10.306291,11.792494,9.53193008906851,-4.60561160490007
12.877136,10.881736,11.177152,10.203914,11.675965,9.98810729179476,-4.52490213688686
12.91344,10.881736,11.205776,10.222528,11.724519,9.79668595676676,-4.38326280888528
12.9432864,10.941210,11.167610,10.175993,11.802205,9.74752467199585,-4.32015224470745
13.0047952,10.891649,11.196235,10.129459,11.714808,10.306630081156,-4.20641461004662
13.0347856,10.852000,11.186693,10.166686,11.831337,9.30602022455682,-3.93482845327274
13.0648192,10.832175,11.167610,10.222528,11.831337,8.84030331977324,-4.07940365033187
13.1184688,10.852000,11.234400,10.287677,11.957577,8.33028971923723,-3.83308431428023
13.1460384,10.842088,11.243942,10.213221,11.909023,8.92871937964822,-3.70139696618883
13.177272,10.891649,11.272566,10.203914,11.996420,8.92980958665022,-3.52575895107102
13.2211104,10.901561,11.310731,10.269063,12.074106,8.47013033650271,-3.44532167404345
13.2610704,10.832175,11.301190,10.231835,12.180924,7.74818382264467,-2.92234994722413
13.2970944,10.762790,11.367980,10.259756,12.132370,7.83518467496463,-2.76625929704078
13.339824,10.871824,11.348897,10.222528,12.171213,8.26646099990666,-2.91227011327437
13.3687232,10.861912,11.367980,10.296984,12.219767,7.71814896864569,-2.92269961439726
13.3996688,10.792527,11.348897,10.241142,12.200346,7.64892695279519,-2.67822115546115
13.4333936,10.762790,11.282107,10.241142,12.200346,7.17600437365702,-2.75921597337077
13.4734832,10.802439,11.377521,10.315598,12.268321,7.15233309788946,-2.67307531427966
13.5110672,10.812351,11.511101,10.250449,12.210056,8.44351324972145,-2.34363544356698
13.5435872,10.861912,11.396604,10.296984,12.307164,7.43811136032713,-2.64388290949081
13.5833408,10.832175,11.463394,10.343519,12.326585,7.30277025401184,-2.48271645145803
13.6259216,10.861912,11.415687,10.306291,12.413982,6.97621920900574,-2.36792824464874
13.654832,10.832175,11.463394,10.380746,12.413982,6.70937235830182,-2.3741951368376
13.7157904,10.822263,11.492018,10.334212,12.452825,6.83670407911355,-2.06263040909005
13.7471056,10.871824,11.492018,10.343519,12.462536,6.98654397322197,-2.19739413405906
13.7783152,10.911473,11.425228,10.343519,12.462536,6.85510426371742,-2.46202943499276
13.818624,10.881736,11.501559,10.371439,12.462536,6.94822338201986,-2.27596502243143
13.8511584,10.881736,11.501559,10.380746,12.481958,6.81212914513184,-2.25482041223785
13.8811584,10.832175,11.549266,10.352826,12.462536,7.02752884113818,-1.98058067907694
13.9212592,10.852000,11.501559,10.371439,12.481958,6.71230863873405,-2.15044177837068
13.9621136,10.802439,11.492018,10.380746,12.355718,6.98098844361753,-2.36506885591537
13.9932944,10.772702,11.415687,10.362132,12.452825,6.09180705330362,-2.18582744812365
14.0375472,10.852000,11.387063,10.362132,12.443115,6.38477727370126,-2.48983406153715
14.073696,10.822263,11.415687,10.324905,12.384850,6.83352911390769,-2.38093977093429
14.1061168,10.852000,11.444311,10.399360,12.355718,6.90141212061939,-2.6613661431126
14.1598816,10.861912,11.453852,10.399360,12.423693,6.67295710680648,-2.50311970918555
14.1973136,10.891649,11.434770,10.352826,12.462536,6.7611021507582,-2.41122955100048
14.2270736,10.852000,11.444311,10.362132,12.462536,6.57090272311213,-2.30737454067102
14.2721616,10.871824,11.482477,10.380746,12.443115,6.85587766420241,-2.36568075669228
14.3095424,10.891649,11.492018,10.343519,12.452825,7.12854917014244,-2.27346594411346
14.348352,10.842088,11.415687,10.390053,12.481958,6.15941332096568,-2.37743923186633
14.3969904,10.881736,11.377521,10.445895,12.472247,5.94855696343052,-2.74630552203994
14.43192,10.802439,11.339356,10.371439,12.433404,5.91228604951145,-2.51897967502805
14.4618864,10.852000,11.396604,10.436588,12.472247,5.9407040286071,-2.59675229377587
14.497144,10.842088,11.348897,10.390053,12.452825,5.97209859525506,-2.60591733628338
14.5347248,10.742966,11.348897,10.417974,12.481958,5.21765533774293,-2.34561095503624
14.5848848,10.782614,11.282107,10.380746,12.423693,5.53683260792574,-2.65100031365718
14.621216,10.782614,11.291649,10.427281,12.404272,5.45502844797192,-2.79949049405829
14.6571936,10.812351,11.301190,10.380746,12.443115,5.6838863202654,-2.63856730277341
14.687416,10.832175,11.387063,10.445895,12.443115,5.89146190476975,-2.66080672994664
14.7181664,10.802439,11.329814,10.399360,12.443115,5.68719865332539,-2.59344001784685
14.76956,10.812351,11.415687,10.371439,12.501379,6.01090037737164,-2.20181520236149
14.8095104,10.772702,11.377521,10.352826,12.481958,5.81148452473774,-2.18231082374476
14.8519168,10.852000,11.396604,10.371439,12.491668,6.15694927697686,-2.37643558503334
14.8908544,10.782614,11.444311,10.399360,12.433404,6.19517866626998,-2.29046683061289
14.921864,10.901561,11.425228,10.427281,12.481958,6.31846566049808,-2.61290525109139
14.9518928,10.822263,11.396604,10.417974,12.462536,5.92985090558482,-2.49069459022218
15.0022416,10.792527,11.339356,10.408667,12.433404,5.68729860098025,-2.5922228775854
