0.033064,6.578628,10.153703,6.481472,11.712938,-0.466151386768964,-0.825349157687999
0.07692,6.578628,10.086914,6.490782,11.712938,-0.953581655151146,-1.02676082778179
0.1056448,6.558800,10.182327,6.444233,11.644956,0.217473414748529,-0.68780731218359
0.1381424,6.568714,10.096456,6.490782,11.732361,-1.07121275346231,-0.915307322864617
0.1692768,6.578628,10.105997,6.462852,11.644956,-0.259104747519778,-1.03244031853586
0.2081488,6.578628,10.163245,6.444233,11.703226,-0.125312439704491,-0.673404710586489
0.2480992,6.598456,10.163245,6.453542,11.683803,0.0628620217920304,-0.840078070227538
0.2781344,6.648027,10.239575,6.416303,11.625532,1.4426378992012,-0.846376035514513
0.3192,6.529057,10.115538,6.462852,11.674091,-0.69239695869188,-0.734263769950857
0.3492928,6.558800,10.125079,6.444233,11.674091,-0.326671397059407,-0.756563945357723
0.380368,6.578628,10.105997,6.434923,11.712938,-0.497864463068295,-0.751352826759568
0.41288,6.598456,10.210951,6.462852,11.693514,0.256757081058868,-0.738056671199207
0.4543008,6.598456,10.153703,6.472162,11.703226,-0.225129364386005,-0.892041512231263
0.4842992,6.578628,10.172786,6.397683,11.761496,-0.133515199781378,-0.317558412991904
0.5156416,6.509229,10.153703,6.444233,11.693514,-0.578210382391498,-0.435526638022189
0.5528496,6.588542,10.163245,6.434923,11.683803,0.109930377962387,-0.723284613845351
0.5842944,6.558800,10.239575,6.416303,11.712938,0.347402958688981,-0.268368866292526
0.6230304,6.558800,10.172786,6.453542,11.751785,-0.535785083182136,-0.488856800842655
0.672904,6.558800,10.201410,6.444233,11.722649,-0.122617907554682,-0.451961268123718
0.7056704,6.628198,10.191868,6.462852,11.829478,-0.48103141093249,-0.575536728999229
0.7466944,6.558800,10.220492,6.434923,11.674091,0.345209843521598,-0.48548466554065
0.7881552,6.618284,10.230033,6.444233,11.742073,0.32859066686032,-0.578548702714972
0.8181392,6.588542,10.182327,6.462852,11.732361,-0.22231375980185,-0.672658205537058
0.8491168,6.598456,10.144162,6.462852,11.722649,-0.346813737909388,-0.82987122259642
0.8803328,6.578628,10.163245,6.416303,11.722649,-0.0746414377615903,-0.511594343112289
0.919272,6.578628,10.163245,6.434923,11.693514,-0.0119701168738438,-0.65895533717897
0.950616,6.578628,10.115538,6.472162,11.712938,-0.657594710450066,-0.880535172628186
0.9808304,6.608370,10.144162,6.444233,11.771208,-0.460600490167682,-0.675936686013568
1.021848,6.677769,10.201410,6.472162,11.674091,0.764749793330169,-1.16988613060216
1.0704512,6.548886,10.191868,6.434923,11.674091,0.0966727396833402,-0.514525407769398
1.1031472,6.598456,10.220492,6.453542,11.751785,0.0270214804863738,-0.535192870595189
1.1502736,6.598456,10.172786,6.472162,11.722649,-0.217524974390457,-0.798081201036322
1.1841824,6.529057,10.163245,6.444233,11.780920,-0.907368807286423,-0.281180544362051
1.2155568,6.538971,10.086914,6.472162,11.742073,-1.2733415985442,-0.716868625823114
1.25428,6.608370,10.134621,6.462852,11.703226,-0.228921455766079,-0.941151011900466
1.29668,6.598456,10.144162,6.500092,11.742073,-0.682983228185373,-0.934475479495177
1.3280544,6.509229,10.220492,6.490782,11.790631,-0.998452475588968,-0.228530534826813
1.3605392,6.608370,10.172786,6.490782,11.742073,-0.37938205721205,-0.867151196909763
1.3992448,6.598456,10.220492,6.444233,11.742073,0.140009648923424,-0.520724095582128
1.4306496,6.598456,10.268199,6.490782,11.732361,0.227441541200859,-0.61850777071357
1.4603616,6.608370,10.182327,6.434923,11.703226,0.24489277332,-0.710500478231957
1.512016,6.548886,10.191868,6.509402,11.683803,-0.404609845558999,-0.795905844828916
1.543,6.588542,10.201410,6.462852,11.771208,-0.329899620992657,-0.53189860664677
1.5731712,6.529057,10.220492,6.490782,11.742073,-0.583098952742102,-0.427290808738363
1.6140288,6.598456,10.172786,6.462852,11.780920,-0.507925037864748,-0.618287422937321
1.6453568,6.578628,10.172786,6.528022,11.751785,-0.848955840756274,-0.874045808560066
1.6754016,6.568714,10.153703,6.481472,11.780920,-0.93316101879681,-0.619230126083064
1.7120624,6.608370,10.144162,6.481472,11.674091,-0.104777173726458,-1.0651476880051
1.7566272,6.608370,10.172786,6.434923,11.712938,0.12559800890722,-0.710085013892854
1.789312,6.628198,10.182327,6.444233,11.654667,0.606627120125415,-0.948171866676198
1.8181552,6.578628,10.153703,6.481472,11.742073,-0.639046755809598,-0.754289948510017
1.8793056,6.598456,10.163245,6.444233,11.722649,-0.113001841362799,-0.70719853524982
1.9216128,6.588542,10.182327,6.509402,11.751785,-0.613423270853042,-0.815351225729724
1.9508384,6.588542,10.210951,6.500092,11.780920,-0.546402330130745,-0.637111535492416
1.9918096,6.538971,10.182327,6.481472,11.780920,-0.940387622252414,-0.428109070366133
2.0218592,6.469573,10.115538,6.537332,11.761496,-2.03901434968346,-0.582273092195692
2.0530992,6.638112,10.134621,6.453542,11.712938,-0.0394989738939611,-1.00082991246892
2.1055504,6.588542,10.096456,6.546642,11.761496,-1.4454332286858,-1.15280117974312
2.1356672,6.598456,10.115538,6.546642,11.790631,-1.42963383336544,-1.07535218507327
2.1657008,6.588542,10.105997,6.434923,11.771208,-0.780065385260565,-0.649703019571952
2.2069168,6.588542,10.182327,6.481472,11.751785,-0.448026392955324,-0.701447287114899
2.237704,6.618284,10.172786,6.444233,11.829478,-0.557427766440615,-0.505435969296091
2.2680496,6.598456,10.182327,6.462852,11.732361,-0.15844603309885,-0.713163010696348
2.2977936,6.558800,10.115538,6.462852,11.712938,-0.730675049275423,-0.761232910083471
2.3515008,6.598456,10.096456,6.518712,11.761496,-1.21634756059837,-1.07944197094611
2.389328,6.598456,10.144162,6.555952,11.674091,-0.611156076288522,-1.3282354195331
2.4192352,6.519143,10.172786,6.453542,11.761496,-0.849810473654946,-0.302682403602063
2.4607152,6.509229,10.077373,6.481472,11.742073,-1.58406552232125,-0.656357320051765
2.5006832,6.509229,10.230033,6.444233,11.790631,-0.661386094935395,-0.0146510180941171
2.5315648,6.548886,10.115538,6.490782,11.703226,-0.903177786507209,-0.858774814279791
2.5880592,6.538971,10.153703,6.444233,11.712938,-0.501161702852862,-0.510383624725954
2.6227744,6.568714,10.144162,6.565262,11.712938,-1.08829494073311,-1.14996768127475
2.6529456,6.568714,10.144162,6.537332,11.693514,-0.808033860079846,-1.08370402275088
2.7115456,6.598456,10.144162,6.490782,11.664379,-0.166362354014606,-1.0864732117678
2.744304,6.568714,10.210951,6.500092,11.780920,-0.674012556928565,-0.556277479654749
2.786944,6.568714,10.163245,6.453542,11.742073,-0.475717458568692,-0.576279601029626
2.8182208,6.499315,10.163245,6.453542,11.771208,-1.09765930761352,-0.220842615189365
2.846672,6.519143,10.134621,6.472162,11.751785,-1.14993751052762,-0.495480711287815
2.8768272,6.548886,10.144162,6.518712,11.722649,-0.998589397961982,-0.855568466011277
2.9180176,6.618284,10.134621,6.472162,11.761496,-0.56621597667945,-0.877334431638829
2.948056,6.608370,10.172786,6.546642,11.722649,-0.595110972125857,-1.14184361027119
2.9792624,6.538971,10.096456,6.518712,11.722649,-1.37212503506461,-0.931659110098952
3.0144336,6.588542,10.077373,6.453542,11.761496,-1.01832006564762,-0.819501834921841
3.049336,6.548886,10.153703,6.453542,11.780920,-0.895983488003905,-0.423820482221753
3.085448,6.588542,10.210951,6.490782,11.742073,-0.261361686423097,-0.693456834391363
3.1229504,6.578628,10.134621,6.434923,11.712938,-0.312632795358596,-0.681411710667749
3.1780688,6.608370,10.134621,6.462852,11.722649,-0.344407322083564,-0.893676669585563
3.2217632,6.548886,10.144162,6.518712,11.790631,-1.40044170920638,-0.689925290978142
3.25524,6.648027,10.172786,6.481472,11.722649,0.0461559240523641,-1.03809476001582
3.3030848,6.588542,10.153703,6.565262,11.751785,-1.12797546176149,-1.11239865200283
3.3442368,6.578628,10.115538,6.462852,11.712938,-0.602262077618796,-0.842438506484708
3.3953424,6.548886,10.153703,6.434923,11.761496,-0.670325358457823,-0.394673428389492
3.4366704,6.548886,10.125079,6.518712,11.722649,-1.12215908553454,-0.902180429903019
3.4669024,6.598456,10.210951,6.462852,11.751785,-0.0895633602763279,-0.596360089891501
3.5065728,6.598456,10.125079,6.490782,11.674091,-0.34739887612783,-1.10944253836742
3.5382384,6.588542,10.134621,6.518712,11.683803,-0.573501258687463,-1.13577365304877
3.569312,6.578628,10.163245,6.518712,11.722649,-0.683036054947964,-0.930380751378205
3.6006928,6.548886,10.125079,6.434923,11.751785,-0.797968651488327,-0.487953663984644
3.6491344,6.588542,10.201410,6.518712,11.674091,-0.0850948374208524,-0.996165645593319
3.6791712,6.588542,10.144162,6.481472,11.761496,-0.751742795077902,-0.770703600954111
3.7216448,6.598456,10.153703,6.518712,11.761496,-0.846521170056519,-0.939707423621233
3.76072,6.568714,10.115538,6.453542,11.780920,-1.01465920858961,-0.597847281396689
3.7981472,6.588542,10.163245,6.500092,11.693514,-0.335802459369848,-0.966013712924639
3.8504208,6.588542,10.134621,6.472162,11.780920,-0.873251124016091,-0.70862083838896
3.8831904,6.657941,10.182327,6.490782,11.780920,-0.229386104419689,-0.951067089280411
3.9143136,6.558800,10.182327,6.490782,11.742073,-0.637449411872652,-0.641621114140765
3.9491968,6.618284,10.144162,6.472162,11.712938,-0.216517544510458,-0.972576470392269
3.9855392,6.638112,10.134621,6.518712,11.703226,-0.368911789715494,-1.29004100635605
4.0154176,6.568714,10.115538,6.472162,11.722649,-0.779469062395238,-0.816222954780205
4.0466656,6.638112,10.182327,6.528022,11.751785,-0.40462533193079,-1.09268484056896
4.0819056,6.598456,10.144162,6.500092,11.722649,-0.567871362130473,-0.98189605724761
4.1182416,6.548886,10.134621,6.528022,11.742073,-1.23039119237865,-0.869468394967925
4.1505504,6.648027,10.105997,6.546642,11.780920,-1.11400110611852,-1.32362368647598
4.1792752,6.588542,10.182327,6.518712,11.683803,-0.265669718710114,-1.01905496627421
4.2294048,6.657941,10.163245,6.546642,11.732361,-0.395084662170692,-1.34257292095225
4.2606352,6.558800,10.153703,6.481472,11.771208,-0.939763317014098,-0.602320493045081
4.2904368,6.618284,10.172786,6.500092,11.742073,-0.370722909359285,-0.945457450303369
4.3320144,6.598456,10.172786,6.528022,11.810055,-1.06499569568048,-0.813055940814937
4.3615504,6.628198,10.115538,6.621122,11.771208,-1.56141365963427,-1.54529231051119
4.3954944,6.588542,10.086914,6.500092,11.810055,-1.51907033964456,-0.867864118963595
4.4256592,6.578628,10.096456,6.528022,11.780920,-1.51437493664698,-0.989125259694283
4.47688,6.568714,10.153703,6.528022,11.780920,-1.20818331826606,-0.809183051139854
4.5093664,6.568714,10.115538,6.500092,11.790631,-1.34746441279216,-0.764524592911801
4.5404624,6.618284,10.105997,6.509402,11.771208,-1.02884059690152,-1.07522627850218
4.57824,6.558800,10.086914,6.490782,11.742073,-1.25496105715559,-0.874341280179049
4.6091856,6.568714,10.163245,6.537332,11.732361,-0.914719056826293,-0.942174200051511
4.6392288,6.648027,10.134621,6.528022,11.771208,-0.762432401032555,-1.20189715504603
4.6730576,6.628198,10.201410,6.509402,11.674091,0.225208565989305,-1.11973659164063
4.7154944,6.568714,10.153703,6.555952,11.742073,-1.14374976090733,-1.01759184352941
4.751776,6.618284,10.115538,6.500092,11.732361,-0.682222700685182,-1.1089494737575
4.7882304,6.657941,10.201410,6.490782,11.732361,0.180623038230383,-1.02280387298022
4.8243392,6.588542,10.191868,6.500092,11.800343,-0.783951557306665,-0.636284916199681
4.8540864,6.598456,10.153703,6.518712,11.742073,-0.731656470356988,-0.987066456494144
4.8892096,6.529057,10.134621,6.481472,11.829478,-1.60012844081443,-0.385465628053613
4.9380928,6.538971,10.163245,6.518712,11.790631,-1.34112910210884,-0.60307295335312
4.988232,6.578628,10.134621,6.555952,11.771208,-1.37486123916135,-1.03341078115125
5.0194896,6.628198,10.125079,6.509402,11.771208,-0.841682190438526,-1.06897636583718
5.0593792,6.558800,10.144162,6.574572,11.761496,-1.49385690247308,-1.02891121704525
5.0904512,6.588542,10.144162,6.490782,11.780920,-0.921783167447998,-0.761406344429936
5.1404672,6.608370,10.115538,6.565262,11.761496,-1.30361833656026,-1.26242865795019
5.1931216,6.578628,10.086914,6.583882,11.742073,-1.67651204135613,-1.33486059835698
5.2232176,6.598456,10.096456,6.565262,11.742073,-1.3765274097686,-1.31639189487904
5.2552304,6.548886,10.105997,6.518712,11.761496,-1.47566121505597,-0.853904066544906
5.294216,6.618284,10.125079,6.565262,11.771208,-1.23525229233462,-1.25561583157128
5.3281344,6.548886,10.134621,6.537332,11.810055,-1.68639290222344,-0.741857602665529
5.3679488,6.598456,10.115538,6.574572,11.839190,-1.8792167689045,-1.07045040180471
5.417896,6.598456,10.144162,6.528022,11.751785,-0.905700367549935,-1.02455324925211
5.4478048,6.598456,10.105997,6.500092,11.771208,-1.10196773060474,-0.956514719974592
5.4779776,6.548886,10.077373,6.528022,11.800343,-1.94559224728179,-0.86697278422411
5.5303472,6.608370,10.105997,6.583882,11.732361,-1.30326730118935,-1.43268080520788
5.5604832,6.687683,10.086914,6.574572,11.761496,-1.03154763459066,-1.69148684716721
5.5891984,6.558800,10.172786,6.509402,11.751785,-0.866810103580352,-0.717259782504673
5.633,6.588542,10.115538,6.537332,11.771208,-1.32433245337555,-1.04454886189456
5.6717856,6.648027,10.134621,6.611812,11.761496,-1.19890302453431,-1.56486754604578
5.7019616,6.628198,10.191868,6.528022,11.722649,-0.234642378291557,-1.1001895495854
5.7382352,6.608370,10.125079,6.546642,11.712938,-0.845264341908782,-1.28225413698214
5.7795184,6.568714,10.153703,6.528022,11.712938,-0.806290125107028,-0.974920870315092
5.8132528,6.628198,10.182327,6.500092,11.800343,-0.590210574554987,-0.820838962322551
5.8443328,6.638112,10.144162,6.518712,11.771208,-0.709847638836832,-1.10056541231365
5.8957216,6.608370,10.125079,6.509402,11.761496,-0.91221723070889,-1.01197805906089
5.926888,6.548886,10.125079,6.509402,11.742073,-1.18203738884809,-0.816693236689435
5.9605216,6.638112,10.077373,6.462852,11.742073,-0.63742615898529,-1.10761534714002
5.9980752,6.608370,10.134621,6.518712,11.771208,-0.963052278522461,-1.00290617725796
6.0292224,6.578628,10.163245,6.528022,11.800343,-1.19711631063247,-0.779140627584084
6.0632368,6.618284,10.115538,6.537332,11.703226,-0.730242276607898,-1.33189580665043
6.1105456,6.538971,10.096456,6.537332,11.742073,-1.59716208484283,-0.960239610767857
6.142304,6.638112,10.115538,6.555952,11.722649,-0.827404286884157,-1.44045227053699
6.2006816,6.588542,10.134621,6.518712,11.722649,-0.803852130444092,-1.04070658167727
6.2444016,6.588542,10.163245,6.546642,11.712938,-0.726929241645582,-1.10823827559408
6.277048,6.618284,10.125079,6.509402,11.732361,-0.675791331727867,-1.12353135604852
6.3067072,6.618284,10.115538,6.518712,11.693514,-0.562282080853278,-1.27994271006632
6.3568592,6.618284,10.125079,6.509402,11.693514,-0.445433910292509,-1.21863444941619
6.3978928,6.568714,10.220492,6.528022,11.751785,-0.60546448227583,-0.717661003650914
6.4457184,6.598456,10.153703,6.518712,11.722649,-0.616664257513989,-1.03447806338822
6.4881648,6.667855,10.163245,6.462852,11.722649,0.222845786922839,-1.06630135260335
6.5194064,6.657941,10.191868,6.546642,11.693514,0.0185800085113073,-1.36756184812097
6.55084,6.608370,10.153703,6.462852,11.732361,-0.279006352071232,-0.823395423359379
6.59076,6.687683,10.182327,6.546642,11.703226,0.0905488594103065,-1.48757354045784
6.6202464,6.618284,10.163245,6.509402,11.780920,-0.71702201500195,-0.911978650972113
6.6521296,6.548886,10.115538,6.509402,11.790631,-1.5308794815315,-0.721564933270219
6.6927872,6.648027,10.163245,6.528022,11.664379,0.0544410245951124,-1.39321633178579
6.734712,6.618284,10.163245,6.509402,11.780920,-0.71702201500195,-0.911978650972113
6.7660272,6.598456,10.125079,6.537332,11.771208,-1.19858743664814,-1.06160380014884
6.8004448,6.558800,10.134621,6.537332,11.732361,-1.1638391835532,-0.971624179487677
6.8357504,6.628198,10.134621,6.528022,11.761496,-0.832804086543852,-1.14508890075795
6.865824,6.608370,10.144162,6.528022,11.761496,-0.899127931701065,-1.04119878253703
6.8970352,6.618284,10.134621,6.481472,11.771208,-0.678880715405995,-0.891617153397025
6.9494304,6.588542,10.163245,6.574572,11.712938,-0.892069629470768,-1.22179442448351
6.9794416,6.558800,10.105997,6.509402,11.810055,-1.64304322399559,-0.737993077574824
7.0104448,6.588542,10.105997,6.537332,11.742073,-1.21401146911376,-1.13907244348955
7.0668288,6.638112,10.115538,6.528022,11.771208,-0.949269019524777,-1.20824846674141
7.101696,6.608370,10.115538,6.546642,11.703226,-0.849407080326552,-1.32943872999283
7.13056,6.628198,10.201410,6.565262,11.751785,-0.565656580781248,-1.15702346581812
7.172168,6.677769,10.125079,6.555952,11.771208,-0.797240805123616,-1.45887685616845
7.2017296,6.628198,10.163245,6.537332,11.810055,-0.989778327166977,-0.994857660635724
7.2331872,6.628198,10.115538,6.509402,11.780920,-0.960613988455544,-1.06856040315869
7.2681376,6.608370,10.115538,6.500092,11.751785,-0.861299154107064,-1.02106475795121
7.3043856,6.667855,10.153703,6.518712,11.761496,-0.399814848278725,-1.22169718192594
7.3357472,6.638112,10.144162,6.546642,11.742073,-0.702726967719345,-1.2850796601274
7.3668224,6.618284,10.163245,6.555952,11.722649,-0.647760039355724,-1.24322680735172
7.4067152,6.628198,10.163245,6.546642,11.693514,-0.356422745697103,-1.31693450937741
7.4381248,6.638112,10.134621,6.528022,11.703226,-0.424109342525089,-1.32788289033891
7.4806752,6.578628,10.220492,6.555952,11.810055,-1.04998043567834,-0.730301004262749
7.5281456,6.638112,10.115538,6.593192,11.800343,-1.50455531522005,-1.40122419769878
7.5683328,6.638112,10.210951,6.509402,11.761496,-0.168202852426337,-0.923792905995327
7.5995328,6.608370,10.182327,6.574572,11.800343,-1.15654680034357,-1.042687085245
7.6406448,6.588542,10.163245,6.537332,11.742073,-0.844176477275527,-0.999235756277795
7.6829696,6.638112,10.201410,6.518712,11.848902,-0.799906819538331,-0.772743924562871
7.7117968,6.558800,10.144162,6.528022,11.742073,-1.10448623311641,-0.886649510968901
7.7554512,6.618284,10.067832,6.555952,11.771208,-1.55035870634376,-1.35787362911509
7.7856528,6.588542,10.125079,6.537332,11.848902,-1.72004737360285,-0.832114899114544
7.8143568,6.608370,10.163245,6.509402,11.780920,-0.780873079843742,-0.871640796857513
7.8480016,6.648027,10.115538,6.518712,11.790631,-0.945048670991165,-1.16327394669375
7.8882416,6.608370,10.163245,6.509402,11.819767,-1.01010023931335,-0.777235092535626
7.9269504,6.618284,10.125079,6.546642,11.761496,-1.0682056004879,-1.20375738092381
7.95684,6.618284,10.105997,6.574572,11.780920,-1.47043514600363,-1.31627430188932
7.9980208,6.608370,10.134621,6.509402,11.819767,-1.19463531031187,-0.846776453362782
8.0317952,6.657941,10.134621,6.565262,11.800343,-1.08980346998978,-1.32187753430934
8.0633344,6.657941,10.125079,6.518712,11.771208,-0.705046910556321,-1.22764498707381
8.095848,6.677769,10.134621,6.583882,11.771208,-0.900436209850778,-1.54843806400789
8.1332016,6.608370,10.201410,6.509402,11.780920,-0.535271431875238,-0.778890145880183
8.1642464,6.588542,10.191868,6.509402,11.742073,-0.494482984671171,-0.815765980222775
8.1945728,6.687683,10.163245,6.518712,11.790631,-0.383402079701485,-1.20775506857584
8.2454416,6.608370,10.153703,6.434923,11.751785,-0.228471285881225,-0.661936195036933
8.2744912,6.598456,10.115538,6.537332,11.722649,-0.973330338826099,-1.20362565435103
8.3232288,6.628198,10.125079,6.481472,11.722649,-0.388621853829962,-1.07388808618249
8.3654768,6.648027,10.067832,6.565262,11.742073,-1.24107802544547,-1.58781111818141
8.3956688,6.687683,10.115538,6.565262,11.819767,-1.13544169339954,-1.44127951135585
8.4267856,6.648027,10.077373,6.583882,11.868325,-2.03078629495526,-1.33091407811295
8.4667888,6.628198,10.144162,6.518712,11.771208,-0.773696048809203,-1.06028127806271
8.4971584,6.598456,10.105997,6.490782,11.829478,-1.39105102751881,-0.776549261812697
8.5282864,6.588542,10.144162,6.565262,11.810055,-1.5326501141524,-0.993667553800638
8.5595056,6.548886,10.067832,6.518712,11.761496,-1.72345265462891,-0.947175330016091
8.61164,6.598456,10.125079,6.537332,11.790631,-1.31313069769461,-1.01422931189415
8.6392704,6.648027,10.125079,6.565262,11.819767,-1.32922379615909,-1.25766262019546
8.6718848,6.578628,10.125079,6.574572,11.848902,-2.0026463816317,-0.943151546898601
8.7116128,6.548886,10.144162,6.546642,11.800343,-1.62227620491524,-0.780220502524667
8.773216,6.568714,10.125079,6.546642,11.819767,-1.7317344308446,-0.860146220739118
8.8097376,6.598456,10.125079,6.509402,11.810055,-1.26298251935732,-0.853250485181217
8.8559136,6.608370,10.134621,6.555952,11.790631,-1.29722272332041,-1.10691862532597
8.8844784,6.648027,10.115538,6.593192,11.751785,-1.15509690918608,-1.5600838721409
8.9258976,6.707511,10.058291,6.537332,11.771208,-0.925890788828431,-1.66749261548066
8.9667008,6.608370,10.105997,6.546642,11.703226,-0.911064788673597,-1.35284142404431
9.0205824,6.628198,10.115538,6.565262,11.751785,-1.11835289066304,-1.36664542738461
9.0582544,6.568714,10.086914,6.574572,11.790631,-1.97183253506918,-1.13786452844227
9.0907536,6.608370,10.153703,6.630432,11.819767,-1.78248689101822,-1.29112039769869
9.1217152,6.588542,10.125079,6.565262,11.790631,-1.54166771472349,-1.08746225037704
9.1506224,6.628198,10.115538,6.500092,11.742073,-0.675765079590818,-1.12557437825215
9.1921216,6.598456,10.144162,6.528022,11.742073,-0.848284053199531,-1.04825645640367
9.2217184,6.568714,10.172786,6.518712,11.810055,-1.20189006172542,-0.654090244404554
9.2532592,6.628198,10.115538,6.500092,11.800343,-1.02033604090946,-0.983314830064362
9.2945088,6.608370,10.153703,6.555952,11.800343,-1.23134050293688,-1.03678490493285
9.3244928,6.628198,10.172786,6.574572,11.780920,-0.976119630390023,-1.19349160870994
9.3583952,6.598456,10.191868,6.546642,11.780920,-0.880169715873402,-0.913148317328389
9.3892688,6.558800,10.115538,6.537332,11.761496,-1.45952334406338,-0.947076442268763
9.4306528,6.638112,10.163245,6.565262,11.771208,-0.861702048888722,-1.24285525684279
9.4682128,6.618284,10.210951,6.583882,11.819767,-1.07767718476472,-1.00389388007763
9.501856,6.608370,10.153703,6.518712,11.742073,-0.667730018422493,-1.0274280637225
9.5445216,6.548886,10.191868,6.528022,11.790631,-1.14707660877419,-0.612041088980643
9.5859072,6.687683,10.153703,6.509402,11.819767,-0.561547951005696,-1.12236077285043
9.6241296,6.628198,10.105997,6.565262,11.829478,-1.63713509000003,-1.20019361899518
9.6630928,6.598456,10.144162,6.528022,11.800343,-1.19230495438953,-0.906234127425783
9.694288,6.598456,10.125079,6.602502,11.829478,-1.92437989529937,-1.18407570303073
9.7245056,6.608370,10.144162,6.528022,11.771208,-0.956482102680171,-1.01751736989245
9.7759056,6.628198,10.134621,6.565262,11.771208,-1.10979744796751,-1.27252111697657
9.8068576,6.628198,10.115538,6.565262,11.732361,-1.00373201188084,-1.4142027083493
9.8369968,6.638112,10.086914,6.528022,11.742073,-0.961861312420931,-1.34959375895781
9.8718736,6.687683,10.086914,6.546642,11.732361,-0.694773920768602,-1.65002276155367
9.9081072,6.638112,10.115538,6.537332,11.732361,-0.7747345644524,-1.34107897103911
9.9381024,6.667855,10.096456,6.546642,11.800343,-1.16212065679268,-1.37981785452999
9.9891632,6.638112,10.153703,6.537332,11.790631,-0.872942143271843,-1.10555929523821
10.0306608,6.618284,10.201410,6.565262,11.848902,-1.20065020185109,-0.881041907535767
10.0721472,6.618284,10.134621,6.537332,11.810055,-1.23800725724473,-1.02425038730576
10.105608,6.598456,10.105997,6.565262,11.780920,-1.54377315726113,-1.19801674317822
10.1505104,6.638112,10.134621,6.611812,11.742073,-1.14847438728479,-1.57233969904665
10.18284,6.648027,10.125079,6.611812,11.819767,-1.60236836277011,-1.44583616395127
10.2142704,6.588542,10.125079,6.574572,11.780920,-1.53930356032995,-1.14897014029149
10.2683472,6.638112,10.115538,6.621122,11.810055,-1.72536552268551,-1.49038685696892
10.3058832,6.598456,10.077373,6.565262,11.771208,-1.67182002074582,-1.2917726059554
10.3383696,6.628198,10.153703,6.611812,11.839190,-1.65950565082955,-1.24874270755944
10.3771776,6.618284,10.134621,6.490782,11.810055,-0.963565393126565,-0.834956603660793
10.4065808,6.598456,10.182327,6.546642,11.897460,-1.62630967802527,-0.653908453366036
10.4392512,6.588542,10.172786,6.565262,11.907172,-1.91736977700726,-0.688809466784306
10.4892624,6.638112,10.105997,6.593192,11.771208,-1.39485571198871,-1.49577840788796
10.5196336,6.568714,10.153703,6.565262,11.829478,-1.71318144587693,-0.84270693721778
10.55276,6.638112,10.086914,6.593192,11.848902,-1.97398874167082,-1.35256989000962
10.5927472,6.588542,10.077373,6.611812,11.819767,-2.2947286491391,-1.32168644255553
10.6231296,6.598456,10.096456,6.593192,11.848902,-2.16860607360189,-1.16876655139051
10.6532592,6.618284,10.048749,6.565262,11.790631,-1.84314464272279,-1.39484200932078
10.6843488,6.608370,10.058291,6.565262,11.742073,-1.55946606311059,-1.45028695252101
10.7383616,6.598456,10.029667,6.528022,11.780920,-1.81897467323105,-1.23334122035907
10.78436,6.608370,10.115538,6.509402,11.819767,-1.31782612273165,-0.893200456619841
10.8296432,6.657941,10.182327,6.583882,11.771208,-0.721424342032021,-1.35188484410568
10.8858448,6.608370,10.096456,6.574572,11.761496,-1.48180239672785,-1.34690451470066
10.91948,6.588542,10.115538,6.593192,11.810055,-1.8816057666286,-1.17674296539241
10.9621296,6.657941,10.125079,6.537332,11.790631,-0.929549554603984,-1.25574511374968
10.9906816,6.657941,10.096456,6.528022,11.722649,-0.657370049879676,-1.45436888591018
11.0219664,6.608370,10.105997,6.509402,11.780920,-1.15027971112336,-1.01114599077593
11.0706272,6.558800,10.067832,6.490782,11.800343,-1.7235141304778,-0.778604933910437
11.1045104,6.588542,10.058291,6.583882,11.771208,-1.96939050829972,-1.37389491878155
11.1334,6.648027,10.039208,6.565262,11.819767,-1.88360872389075,-1.46746237356998
11.1694672,6.618284,10.048749,6.639742,11.839190,-2.56451496780308,-1.57755369728425
11.2098992,6.588542,10.029667,6.565262,11.703226,-1.64448843129993,-1.5356046012663
11.246,6.588542,10.058291,6.537332,11.800343,-1.86688065965476,-1.11323386898721
11.3044976,6.657941,10.096456,6.602502,11.780920,-1.44034025808132,-1.61317688951323
11.349864,6.608370,10.105997,6.583882,11.732361,-1.30326730118935,-1.43268080520788
11.3782576,6.578628,10.096456,6.537332,11.780920,-1.56928453255429,-1.0270587147427
11.4191664,6.687683,10.115538,6.565262,11.819767,-1.13544169339954,-1.44127951135585
11.4503184,6.657941,10.105997,6.621122,11.819767,-1.71596440597119,-1.5699933603045
11.4810032,6.578628,10.029667,6.546642,11.810055,-2.22912481864583,-1.15704177598857
11.5233856,6.618284,10.058291,6.565262,11.751785,-1.55251787344016,-1.46671675383957
11.5744976,6.638112,10.105997,6.555952,11.771208,-1.17557849132336,-1.3449197457231
11.6029616,6.608370,10.058291,6.611812,11.819767,-2.28989771037121,-1.44866972112408
11.6380944,6.638112,10.115538,6.518712,11.800343,-1.06625179317829,-1.09931843881376
11.676808,6.558800,10.077373,6.574572,11.761496,-1.92659280889446,-1.19211863591723
11.7094416,6.598456,10.096456,6.574572,11.800343,-1.7745083793571,-1.21168319985818
11.7371952,6.657941,10.086914,6.593192,11.751785,-1.27573324621369,-1.6703514790699
11.7795024,6.608370,10.067832,6.574572,11.790631,-1.83851364397587,-1.34565283270408
11.8105952,6.598456,10.105997,6.602502,11.829478,-2.04767477941016,-1.23057275910795
11.8391184,6.588542,10.077373,6.630432,11.868325,-2.68752245086555,-1.27859340983821
11.8743664,6.598456,10.067832,6.546642,11.800343,-1.79555124355675,-1.16813865483532
11.9118768,6.548886,10.115538,6.611812,11.819767,-2.30439114251492,-1.06770369781048
11.9418928,6.519143,10.048749,6.537332,11.819767,-2.49446700943211,-0.805956729591813
11.9718768,6.578628,10.096456,6.593192,11.829478,-2.18314245642478,-1.135689601702
12.0218112,6.648027,10.086914,6.602502,11.771208,-1.50876377175536,-1.6202755138672
12.0545152,6.598456,10.115538,6.574572,11.800343,-1.6511280122999,-1.16510815517586
12.084272,6.598456,10.105997,6.565262,11.761496,-1.42935495203119,-1.24549430334305
12.1269824,6.598456,10.125079,6.518712,11.780920,-1.14601185974943,-0.962133639368123
12.175736,6.578628,10.163245,6.555952,11.790631,-1.30443935495947,-0.916383754243448
12.207144,6.578628,10.086914,6.509402,11.761496,-1.35152034245303,-0.983953384752159
12.24716,6.628198,10.115538,6.546642,11.839190,-1.5232484906847,-1.07780243079743
12.2784208,6.588542,10.134621,6.593192,11.761496,-1.47293071978961,-1.24867888061865
12.3091504,6.628198,10.115538,6.593192,11.839190,-1.79635811402399,-1.26636680236042
12.340672,6.608370,10.125079,6.574572,11.790631,-1.46837090111537,-1.20574797635548
12.3892528,6.588542,10.086914,6.555952,11.780920,-1.67660127918387,-1.16651486510019
12.4203408,6.588542,10.153703,6.583882,11.810055,-1.58047164191645,-1.04602663015443
12.4506448,6.578628,10.086914,6.555952,11.810055,-1.91229447799172,-1.05502460177196
12.500832,6.608370,10.125079,6.574572,11.790631,-1.46837090111537,-1.20574797635548
12.5317232,6.638112,10.105997,6.546642,11.761496,-1.06339441485045,-1.33090978017914
12.5632144,6.598456,10.039208,6.583882,11.800343,-2.20015348286948,-1.38951908561087
12.6208896,6.618284,10.163245,6.621122,11.897460,-2.05674354851912,-1.08171728364744
12.6542576,6.578628,10.058291,6.611812,11.790631,-2.31194243047325,-1.39944194184494
12.6842528,6.628198,10.048749,6.555952,11.839190,-2.00959232871411,-1.27846304618936
12.7344448,6.687683,10.172786,6.611812,11.839190,-1.15497828558349,-1.44219068972833
12.765496,6.588542,10.077373,6.583882,11.810055,-2.07397969461345,-1.23212055661759
12.8257488,6.628198,10.067832,6.583882,11.819767,-1.93602041116304,-1.39252079432582
12.8584144,6.578628,10.077373,6.537332,11.839190,-2.03595102620877,-0.931465168193263
12.8895088,6.568714,10.125079,6.555952,11.868325,-2.07146949649061,-0.780045986036342
12.9309472,6.608370,10.077373,6.621122,11.858613,-2.44808024201101,-1.34482412660546
12.9707104,6.657941,10.096456,6.593192,11.790631,-1.44270092144107,-1.55178395657197
13.0007648,6.608370,10.163245,6.611812,11.829478,-1.66886720650209,-1.16901723005649
13.03296,6.618284,10.125079,6.546642,11.848902,-1.58269241549979,-0.990748887969456
13.0794576,6.618284,10.048749,6.518712,11.858613,-1.96916583322182,-1.03949886878584
13.1133424,6.628198,10.115538,6.546642,11.819767,-1.40907616382333,-1.12510674850791
13.1441216,6.628198,10.086914,6.565262,11.868325,-1.98819930954606,-1.15204307064321
13.1792512,6.638112,10.048749,6.518712,11.819767,-1.61221846262885,-1.21498190292488
13.2153776,6.628198,10.077373,6.667671,11.839190,-2.47822398178423,-1.66024240095674
13.2456672,6.608370,10.105997,6.602502,11.868325,-2.21095105418402,-1.17610402822141
13.2770192,6.628198,10.020125,6.593192,11.810055,-2.24265891291085,-1.57087073744851
13.3284304,6.598456,10.058291,6.574572,11.839190,-2.24972299705147,-1.21001830419749
13.3596256,6.618284,10.067832,6.583882,11.897460,-2.4550566528164,-1.16283525443293
13.3906608,6.628198,10.048749,6.565262,11.780920,-1.72176476270284,-1.45888671070932
13.4315168,6.648027,10.067832,6.583882,11.780920,-1.57961794906841,-1.56791849310855
13.4829632,6.648027,10.086914,6.574572,11.839190,-1.74395147452238,-1.34104700376008
13.5105216,6.608370,10.086914,6.565262,11.800343,-1.71736114609465,-1.23744237610691
13.5543664,6.618284,10.058291,6.593192,11.810055,-2.05957460866907,-1.43717466306646
13.585776,6.628198,10.067832,6.555952,11.829478,-1.82905968632969,-1.25556883522903
13.6143888,6.628198,10.105997,6.602502,11.839190,-1.91245168608674,-1.32727479062697
13.6507824,6.578628,10.163245,6.602502,11.868325,-2.03339653329597,-0.91665558874416
13.6856768,6.588542,10.086914,6.518712,11.751785,-1.28490268113923,-1.08612817079871
13.7166064,6.657941,10.105997,6.583882,11.810055,-1.44061202699486,-1.4433409285205
13.7696032,6.618284,10.115538,6.574572,11.839190,-1.75117018182808,-1.15084011881711
13.808216,6.648027,10.048749,6.546642,11.800343,-1.59815550331348,-1.41618152360022
13.8443536,6.618284,10.039208,6.583882,11.819767,-2.18556660235646,-1.42238343933867
13.9019584,6.588542,10.067832,6.537332,11.810055,-1.86217955405419,-1.06618266008592
13.9319904,6.598456,10.086914,6.639742,11.780920,-2.10477217001948,-1.54661192373219
13.960648,6.628198,10.048749,6.528022,11.819767,-1.73122509840403,-1.21252638456164
13.9945072,6.648027,10.115538,6.621122,11.839190,-1.83206255075973,-1.45930782401485
14.043048,6.618284,10.077373,6.630432,11.800343,-2.09748791935951,-1.5649513054322
14.0845872,6.568714,10.067832,6.583882,11.819767,-2.32143390545165,-1.15115926401712
14.1192624,6.648027,10.115538,6.593192,11.810055,-1.49767198858848,-1.41760046609404
14.164272,6.628198,10.077373,6.583882,11.839190,-1.98824011181799,-1.32175707224815
14.1958976,6.588542,10.096456,6.621122,11.761496,-1.8839259440121,-1.45527838583302
14.2271744,6.578628,10.105997,6.555952,11.819767,-1.84579807738408,-0.984817428703508
14.2784416,6.578628,10.144162,6.602502,11.839190,-1.98608104939112,-1.03368375484064
14.3082496,6.608370,10.067832,6.574572,11.810055,-1.9526719107016,-1.29813358981603
14.3383968,6.638112,10.163245,6.500092,11.829478,-0.821041171204829,-0.836728965324721
14.3892848,6.618284,10.077373,6.574572,11.819767,-1.88378616680957,-1.29129305821895
14.4209072,6.648027,10.105997,6.611812,11.858613,-1.95269713994785,-1.39765133224339
14.45168,6.578628,10.125079,6.602502,11.829478,-2.05249532619007,-1.10372288836547
14.5005104,6.598456,10.067832,6.602502,11.848902,-2.40838787742865,-1.27628838301219
14.5305888,6.628198,10.067832,6.574572,11.819767,-1.88137452188665,-1.35479926080421
14.5620352,6.578628,10.067832,6.611812,11.868325,-2.7049034231786,-1.18628834377395
14.5958992,6.509229,10.067832,6.574572,11.887749,-3.05174918670845,-0.705500032860474
14.633272,6.618284,10.067832,6.611812,11.916884,-2.73132235538051,-1.22857150134342
14.6630544,6.529057,10.105997,6.593192,11.858613,-2.61326161589938,-0.840139799318777
14.7056448,6.638112,10.048749,6.565262,11.878037,-2.22774173832967,-1.2615515479266
14.7571744,6.677769,10.134621,6.565262,11.858613,-1.30453117488378,-1.26011481045267
14.7871248,6.657941,10.096456,6.555952,11.771208,-1.10922882273117,-1.44863427589242
14.8197072,6.588542,10.144162,6.555952,11.722649,-0.96257113047783,-1.16901511218285
14.8682384,6.657941,10.182327,6.565262,11.907172,-1.4098894657391,-0.946609219490366
14.89932,6.717425,10.258657,6.528022,11.839190,0.0752739094329957,-1.01620893918387
14.9294048,6.717425,10.430400,6.537332,11.858613,0.994420342124315,-0.59398768783231
14.9742704,6.687683,10.459024,6.481472,11.848902,1.37345538862741,-0.203679450437793
15.0107248,6.747168,10.459024,6.434923,11.819767,2.1954085854187,-0.325510723231329
