0.0359024,9.839655,9.848790,9.409192,10.671164,-4.17390191882895,-1.24826253690609
0.075864,9.839655,9.963297,9.250927,10.457485,-1.52233142017583,-1.05402260305839
0.1070736,9.750441,9.867875,9.185759,10.408922,-1.9098721559847,-0.994593689741972
0.149224,9.641400,9.657945,8.943707,10.156393,-0.916994347784549,-1.24264363433917
0.1882304,9.700877,9.848790,8.962326,10.321508,-0.558321980852264,-0.467733469831637
0.2393488,9.938783,10.125515,9.148520,10.438060,0.568056192926701,-0.647556239995649
0.2696944,10.057736,10.211395,9.074043,10.399209,2.29526210613516,-0.650002668645469
0.3109152,10.018085,10.259107,8.980946,10.282658,3.50940016971023,-0.444124576701442
0.3420544,9.918958,10.182769,8.953017,10.302083,2.61689316235953,-0.220156098647934
0.3720736,9.998260,10.240022,8.980946,10.379784,2.75748782691207,-0.168916775885693
0.4055136,9.998260,10.201853,8.990256,10.379784,2.50121711972719,-0.302256290862523
0.443304,9.968521,10.144600,9.157830,10.496336,0.458272818738507,-0.550151390916602
0.4745456,9.879307,10.135057,9.046114,10.438060,0.865728574480227,-0.136420833891417
0.5057232,9.849568,10.096888,9.148520,10.525474,-0.551527969046555,-0.218450325792166
0.5531744,9.800004,10.135057,9.129901,10.525474,-0.510891808583186,0.0913320835415519
0.5869488,9.730615,9.991924,9.120591,10.428347,-1.08331658123613,-0.33718491605494
0.6169728,9.760353,10.087346,9.074043,10.506049,-0.570907912077226,0.193924719653197
0.6595088,9.790092,10.106431,9.036804,10.418635,0.386321306072809,0.0275079911875791
0.6880448,10.008172,10.173226,9.046114,10.370072,2.14345128130137,-0.605165645699971
0.7196432,9.938783,10.135057,9.008875,10.234094,2.53487565609527,-0.770321916653657
0.7508144,9.988347,10.135057,9.018185,10.350646,2.096281798425,-0.622133827055953
0.8006496,9.849568,9.925128,9.083352,10.272945,0.274515926406703,-1.20621838987087
0.8370176,9.859481,9.829706,9.204379,10.457485,-1.89003516453204,-1.34798498324928
0.895632,9.790092,9.772452,9.260237,10.467198,-2.94895832930908,-1.44115536667261
0.9230912,9.661226,9.648403,9.241617,10.486623,-4.361936664753,-1.29370410218878
0.9531632,9.611662,9.724741,9.241617,10.583750,-4.74352388993533,-0.655852660549011
0.985912,9.661226,9.772452,9.288166,10.622600,-4.66562349547936,-0.70319310504541
1.034448,9.770266,9.858332,9.381263,10.826566,-5.1883145114582,-0.503929396198589
1.0757264,9.760353,9.810621,9.334714,10.758577,-4.89132902349838,-0.655142097177566
1.1058448,9.740528,9.820163,9.344024,10.739152,-4.89371171856168,-0.651142392156052
1.1581344,9.651313,9.734283,9.288166,10.671164,-5.19739152863987,-0.644405784087071
1.1869488,9.710790,9.743825,9.362643,10.710014,-5.42551992558499,-0.910766669153702
1.2183104,9.710790,9.686572,9.390572,10.651738,-5.58074018851281,-1.31658917823645
1.2607504,9.601749,9.648403,9.325405,10.622600,-5.89475182607547,-0.98365870550531
1.3095472,9.681051,9.715199,9.316095,10.661451,-5.23666047592944,-0.897863242025294
1.3407872,9.661226,9.801079,9.344024,10.748865,-5.49177483963556,-0.440092980656693
1.39196,9.661226,9.839248,9.297475,10.826566,-5.44740123476683,0.019398108386028
1.422984,9.641400,9.762910,9.371953,10.797428,-6.22591291788829,-0.435575107757159
1.4531664,9.631487,9.772452,9.278856,10.661451,-4.99183282886511,-0.477460899275154
1.4958896,9.661226,9.762910,9.297475,10.700302,-5.19072164836724,-0.54124476173895
1.5456288,9.750441,9.810621,9.297475,10.583750,-3.79774612023584,-1.00031951173265
1.5757616,9.809917,9.829706,9.325405,10.622600,-3.72686307337406,-1.09947327207043
1.61696,9.770266,9.820163,9.390572,10.603175,-4.24624822194604,-1.25605425129613
1.6482848,9.690964,9.734283,9.260237,10.554612,-4.18991173125192,-1.00571817639113
1.6769216,9.700877,9.772452,9.185759,10.583750,-3.67436240594011,-0.622903890562363
1.7134192,9.750441,9.877417,9.213688,10.622600,-3.18380973133967,-0.455258753871045
1.7484032,9.730615,9.839248,9.157830,10.593462,-3.03929862293555,-0.414838766520032
1.7784336,9.661226,9.810621,9.139211,10.544899,-3.21399656926149,-0.364451664869715
1.810008,9.780179,9.963297,9.195069,10.564324,-2.12759510633686,-0.41203315701001
1.849352,9.819830,9.991924,9.195069,10.583750,-1.86025329555056,-0.397766955676026
1.8807488,9.819830,9.991924,9.241617,10.661451,-2.53814696510232,-0.322404560617361
1.9105328,9.760353,9.925128,9.176449,10.583750,-2.45045118761906,-0.34860057631752
1.9444944,9.730615,9.944213,9.129901,10.583750,-2.25375053866868,-0.0659744307034744
1.9833712,9.740528,9.867875,9.148520,10.583750,-2.72202812526822,-0.363998875765709
2.0134144,9.690964,9.886959,9.185759,10.612888,-3.25393991940818,-0.19283444241831
2.0443488,9.740528,9.858332,9.250927,10.583750,-3.3350502484063,-0.698299618203392
2.0857984,9.671139,9.772452,9.204379,10.564324,-3.83537746956482,-0.643727303693206
2.1170528,9.671139,9.801079,9.250927,10.661451,-4.45995291671076,-0.433052065418817
2.1556384,9.829743,9.781994,9.344024,10.700302,-4.4020496440191,-1.13032367607593
2.1985952,9.909045,9.896501,9.418501,10.768290,-4.10424437704961,-1.08009772241505
2.2270656,9.899132,9.791537,9.474360,10.710014,-4.72091128892668,-1.66693314233003
2.2570336,9.542273,9.400305,9.213688,10.399209,-5.80439933789671,-1.80642066424699
2.2985376,9.502622,9.495727,9.148520,10.457485,-5.44820616809976,-1.04691707398819
2.3381232,9.700877,9.686572,9.325405,10.680876,-5.44133449514343,-1.0108253101546
2.36952,9.651313,9.781994,9.269546,10.632313,-4.61925944804195,-0.563710199494205
2.4032112,9.819830,9.934670,9.241617,10.690589,-3.00978440233365,-0.39992912783004
2.4420864,9.690964,9.848790,9.176449,10.593462,-3.30796360655779,-0.324864334828774
2.470576,9.710790,9.820163,9.139211,10.554612,-2.93931197900438,-0.460482681594269
2.5056832,9.690964,9.839248,9.222998,10.535187,-3.29660844014463,-0.654240245158618
2.53328,9.740528,9.801079,9.213688,10.554612,-3.28887563906505,-0.827654678543564
2.5869568,9.760353,9.915586,9.195069,10.593462,-2.65803223967444,-0.404056879983774
2.6145328,9.770266,9.953755,9.167140,10.564324,-2.08120095494614,-0.324886023517746
2.6456816,9.809917,10.001466,9.157830,10.564324,-1.55170952544487,-0.283814759725555
2.6859536,9.740528,9.925128,9.167140,10.438060,-1.70706405629701,-0.666722387543784
2.7159536,9.918958,9.991924,9.213688,10.554612,-1.26239727650485,-0.829809942472797
2.7458912,9.948696,10.077804,9.297475,10.603175,-1.35795595310327,-0.795313363498829
2.8030832,9.859481,9.991924,9.241617,10.535187,-1.63279235951213,-0.789712489115932
2.8370752,9.760353,9.877417,9.195069,10.496336,-2.33560678255122,-0.780787034310925
2.8683568,9.770266,9.791537,9.204379,10.525474,-2.96632449473613,-0.997263728462954
2.9082608,9.760353,9.829706,9.278856,10.583750,-3.53598329788311,-0.921039687699061
2.9393376,9.859481,9.820163,9.316095,10.642026,-3.56138456509753,-1.19161890927395
2.9692112,9.780179,9.829706,9.288166,10.593462,-3.53010884667157,-0.981012969173097
3.001848,9.750441,9.762910,9.334714,10.603175,-4.37013671214186,-1.19054568793167
3.0404816,9.770266,9.743825,9.278856,10.651738,-4.32641681777475,-1.00059470808855
3.0719776,9.690964,9.686572,9.232308,10.593462,-4.51572781836159,-0.946621709143982
3.102152,9.700877,9.734283,9.241617,10.583750,-4.19213368809404,-0.897852092835002
3.1432672,9.720702,9.791537,9.325405,10.690589,-4.79947081824983,-0.750477675673547
3.1730832,9.869394,9.896501,9.353334,10.758577,-3.91890825739368,-0.797266357460334
3.2144704,9.819830,9.791537,9.344024,10.603175,-3.87833486016001,-1.34488647802469
3.2492144,9.790092,9.753368,9.353334,10.680876,-4.724889630388,-1.17388683691284
3.2845744,9.710790,9.781994,9.297475,10.535187,-3.91150287890042,-1.0975779620861
3.315928,9.909045,9.886959,9.446431,10.739152,-4.14992459627082,-1.26899654864339
3.3458608,9.730615,9.781994,9.344024,10.661451,-4.74052353580111,-0.943305299808818
3.3883392,9.512534,9.677030,9.195069,10.525474,-4.99478060543318,-0.512172232655992
3.4381184,9.502622,9.657945,9.195069,10.700302,-6.11361805828531,-0.0449944636726434
3.4684464,9.690964,9.915586,9.344024,10.875129,-5.3705845170724,0.133744781703384
3.5186032,9.651313,9.963297,9.139211,10.719727,-3.38041744850384,0.573583142042673
3.5494304,9.819830,10.058719,9.195069,10.748865,-2.39582742625967,0.239952344257402
3.5832752,9.809917,9.991924,9.157830,10.535187,-1.44381271996851,-0.390950141220463
3.6204576,9.661226,9.858332,8.999565,10.360359,-1.1514381145068,-0.323998207078822
3.660472,9.869394,10.020550,9.157830,10.399209,-0.213250761652866,-0.867609768768534
3.6920832,9.770266,9.867875,8.971636,10.234094,0.36972038743829,-0.900417196527749
3.725888,9.760353,9.886959,8.906468,10.408922,-0.196001570929176,-0.125551775312372
3.763424,9.889219,10.039635,9.222998,10.583750,-1.37505856747413,-0.556491450552864
3.7934592,9.700877,9.753368,8.990256,10.331221,-1.29906289104105,-0.795237312359988
3.82956,9.581924,9.772452,8.980946,10.311796,-1.69508480846129,-0.404264612745889
3.8783728,9.839655,9.953755,9.139211,10.447773,-0.905493385905191,-0.773597123351323
3.9108672,9.760353,9.877417,9.222998,10.525474,-2.64886748026366,-0.783244837656693
3.95068,9.641400,9.677030,8.980946,10.214669,-1.34997581763864,-1.13474400260155
3.9971392,9.581924,9.867875,8.785442,10.204957,0.54703687759435,0.16582891694602
4.0296656,9.928870,10.220938,9.055423,10.535187,1.00607124367885,0.190724868577016
4.0859168,9.720702,10.020550,8.869230,10.350646,0.856840646091447,0.319992739747225
4.118168,9.482796,9.848790,8.655107,10.224382,0.521180919040188,0.881760885794917
4.1597552,9.572011,9.896501,8.757513,10.166106,1.03238995236696,0.254168850116597
4.2035168,9.631487,9.829706,8.729584,10.117543,1.43004568916747,-0.171744590927617
4.2410112,9.720702,9.648403,8.878539,9.991278,0.786494326938607,-1.79015974946358
4.2709264,9.700877,9.543438,8.859920,9.894152,0.75285748973479,-2.26148434375622
4.304744,9.621575,9.400305,8.794752,9.816451,0.322230392730652,-2.46727846360838
4.3420096,9.641400,9.448016,8.841300,9.903865,-0.0704576914427535,-2.27303696783297
4.3733072,9.740528,9.524354,9.027494,9.952428,-0.427230756749686,-2.77930872659657
4.4032192,9.651313,9.457558,9.036804,9.971853,-1.47116264606132,-2.67495118880908
4.4458992,9.572011,9.333509,8.943707,9.874727,-1.5405658735836,-2.7992215512122
4.4847648,9.581924,9.295340,9.036804,9.971853,-2.79120963564493,-2.94072294994458
4.5147808,9.393581,9.209460,8.915778,9.903865,-3.29345537856665,-2.44287336988784
4.5643952,9.671139,9.705656,9.083352,10.214669,-1.59938886289216,-1.45549872342918
4.5954496,9.720702,9.638861,9.129901,10.272945,-2.28210716131417,-1.7709866270361
4.6258032,9.621575,9.610234,9.064733,10.360359,-3.12285162625989,-1.10459323307315
4.6592768,9.591836,9.600692,9.111282,10.331221,-3.44114539181542,-1.26618420861878
4.7132576,9.502622,9.505269,9.083352,10.282658,-4.06081600386843,-1.32125177343744
4.7470944,9.522447,9.476642,9.111282,10.418635,-5.02314963927204,-1.15929394639616
4.7820736,9.572011,9.619776,9.167140,10.457485,-4.45452844148451,-0.962075693452125
4.8196816,9.621575,9.619776,9.195069,10.544899,-4.80964882454351,-0.949687228929229
4.849352,9.591836,9.581607,9.185759,10.476911,-4.76765118014362,-1.13194141432134
4.8806608,9.591836,9.600692,9.167140,10.457485,-4.45034929182646,-1.07642343761925
4.9219472,9.532360,9.600692,9.083352,10.496336,-4.53816341874369,-0.529847893715733
4.9621968,9.601749,9.610234,9.129901,10.544899,-4.61706608821956,-0.718911732281957
4.992168,9.591836,9.715199,9.139211,10.496336,-3.86670720752943,-0.55801673659075
5.0520368,9.700877,9.648403,9.185759,10.515761,-3.99320155984634,-1.16252092451098
5.0835152,9.453058,9.591149,8.980946,10.389497,-3.87897910952749,-0.302131953690487
5.132184,9.542273,9.686572,9.064733,10.506049,-3.94835070631322,-0.233166373046831
5.1746016,9.760353,9.848790,9.334714,10.700302,-4.36608169994376,-0.710812261892465
5.205728,9.780179,9.743825,9.306785,10.535187,-3.78907494385879,-1.43992284377828
5.2393632,9.690964,9.677030,9.148520,10.399209,-3.04028483730481,-1.26901811636103
5.2785776,9.651313,9.715199,9.111282,10.418635,-2.9498791641147,-0.873066731291725
5.3093568,9.710790,9.877417,9.036804,10.370072,-1.03361261673166,-0.507115616572006
5.3594912,9.750441,9.886959,9.055423,10.321508,-0.594958136269314,-0.793564936136187
5.3981376,9.730615,9.801079,9.036804,10.302083,-0.966468936528303,-0.974497627924308
5.4293872,9.800004,9.848790,9.101972,10.428347,-1.3856755767632,-0.890651134742103
5.4593968,9.760353,9.820163,9.111282,10.428347,-1.81407592006095,-0.879623135910596
5.4957168,9.601749,9.610234,9.027494,10.311796,-2.75530038214069,-1.0690775783223
5.5320576,9.542273,9.610234,8.999565,10.311796,-2.9344950884986,-0.801335709690465
5.5622064,9.631487,9.715199,9.213688,10.428347,-3.68040088656016,-1.09564200998344
5.5935328,9.740528,9.829706,9.213688,10.467198,-2.65069297918698,-0.992307256113372
5.6435216,9.760353,9.791537,9.260237,10.476911,-3.06120821276394,-1.2712279131076
5.684776,9.710790,9.677030,9.157830,10.292370,-2.38809794745351,-1.6608907232863
5.7148432,9.740528,9.657945,9.092662,10.340934,-2.23617765807826,-1.46984306371275
5.7559984,9.750441,9.791537,9.129901,10.457485,-2.29160346744729,-0.904444990874482
5.7875984,9.770266,9.772452,9.167140,10.496336,-2.70719112965641,-1.02071129001332
5.8186896,9.800004,9.810621,9.250927,10.506049,-2.84520239520476,-1.22667393853845
5.8547744,9.750441,9.705656,9.288166,10.438060,-3.53294165775896,-1.67668588333287
5.8985792,9.572011,9.572065,9.176449,10.331221,-4.07695990699859,-1.48591766058182
5.929584,9.601749,9.600692,9.185759,10.515761,-4.8177284943839,-0.997779401261355
5.964472,9.661226,9.743825,9.185759,10.564324,-3.94814186332782,-0.637801070503742
6.0108288,9.720702,9.810621,9.250927,10.690589,-4.29017511856768,-0.474452850111796
6.042168,9.829743,9.839248,9.306785,10.612888,-3.41127387353685,-1.1035363848913
6.0758288,9.661226,9.734283,9.129901,10.418635,-2.89107387193951,-0.905636543758215
6.1231472,9.671139,9.715199,9.120591,10.496336,-3.3203214168456,-0.742125047189673
6.1546832,9.720702,9.810621,9.120591,10.554612,-2.83486738749476,-0.460849731904408
6.1843952,9.730615,9.781994,9.129901,10.447773,-2.4007137764817,-0.898794317199241
6.2375024,9.710790,9.801079,9.195069,10.486623,-2.97844161754531,-0.87268883049392
6.2687392,9.819830,9.772452,9.269546,10.544899,-3.26092119725745,-1.3395589170872
6.2971712,9.889219,9.781994,9.260237,10.438060,-2.18929297961454,-1.79190670474575
6.3376368,9.750441,9.762910,9.213688,10.428347,-2.75189073963359,-1.31922025055984
6.3697808,9.700877,9.781994,9.204379,10.438060,-2.92332483784875,-1.06102654314037
6.4193168,9.710790,9.762910,9.129901,10.496336,-2.88497236036031,-0.756028371258125
6.4694352,9.730615,9.753368,9.213688,10.603175,-3.87412630605941,-0.795492280175533
6.499768,9.710790,9.762910,9.148520,10.544899,-3.25488198862576,-0.675967989524673
6.5312224,9.740528,9.734283,9.176449,10.525474,-3.29543518621006,-0.984634602543641
6.5704992,9.770266,9.848790,9.222998,10.525474,-2.75207342825331,-0.892893889568837
6.6044656,9.770266,9.743825,9.250927,10.506049,-3.37936936179896,-1.32523812802644
6.6421888,9.760353,9.648403,9.260237,10.506049,-4.01623409669054,-1.59242130790358
6.6771584,9.750441,9.791537,9.232308,10.535187,-3.28241023453179,-0.994362468528738
6.7146192,9.760353,9.781994,9.250927,10.544899,-3.43539188548211,-1.07939719665902
6.743344,9.740528,9.848790,9.139211,10.554612,-2.61631094793035,-0.470292511564227
6.7759344,9.809917,9.820163,9.232308,10.496336,-2.58252238053067,-1.20112263538696
6.8245904,9.700877,9.791537,9.129901,10.515761,-2.88808410416627,-0.591220977101344
6.8556848,9.740528,9.724741,9.260237,10.457485,-3.43525266988968,-1.45460130008985
6.885928,9.770266,9.829706,9.185759,10.467198,-2.33259977974765,-0.997741358566969
6.9269248,9.760353,9.801079,9.204379,10.506049,-2.86174505766732,-0.9952142612632
6.9570832,9.790092,9.772452,9.241617,10.476911,-2.90007430180086,-1.35814878129766
6.9883968,9.750441,9.801079,9.260237,10.476911,-3.06325957017837,-1.2147431151432
7.0194288,9.780179,9.839248,9.241617,10.467198,-2.53243770459148,-1.16818775383305
7.0593728,9.730615,9.829706,9.176449,10.515761,-2.76780634720947,-0.714465835908825
7.0894768,9.750441,9.810621,9.176449,10.486623,-2.6034141788971,-0.909214264229638
7.1231808,9.770266,9.791537,9.195069,10.486623,-2.70176838978058,-1.07829859338026
7.1619568,9.740528,9.753368,9.167140,10.515761,-3.08484606474931,-0.930279659188821
7.1920608,9.750441,9.781994,9.269546,10.544899,-3.59207685153094,-1.10546661156451
7.2231552,9.740528,9.839248,9.250927,10.593462,-3.4934991068894,-0.724402586788403
7.2821008,9.750441,9.791537,9.241617,10.642026,-3.91656523718682,-0.723836586398527
7.3148336,9.730615,9.781994,9.213688,10.603175,-3.71520774501032,-0.715496827621354
7.345808,9.740528,9.791537,9.250927,10.583750,-3.70459449836623,-0.884614054742911
7.3759024,9.750441,9.772452,9.260237,10.632313,-4.07079913960251,-0.859901575457514
7.4281504,9.760353,9.791537,9.297475,10.632313,-4.11258565455109,-0.947707168960931
7.4572784,9.800004,9.829706,9.250927,10.622600,-3.37661448659309,-0.847834484911237
7.4931504,9.780179,9.848790,9.195069,10.651738,-3.23506438845338,-0.487199266579865
7.5385024,9.760353,9.781994,9.260237,10.535187,-3.43318848021215,-1.13448447171829
7.5682736,9.780179,9.810621,9.222998,10.593462,-3.28011596364385,-0.839338262207241
7.5980576,9.760353,9.724741,9.297475,10.535187,-3.95421132640032,-1.40654759282439
7.6408064,9.750441,9.753368,9.241617,10.554612,-3.65127570979307,-1.07480299140798
7.6742896,9.760353,9.753368,9.250927,10.515761,-3.43462580407373,-1.24143575115142
7.7107664,9.839655,9.696114,9.269546,10.535187,-3.52052609107834,-1.64038426026598
7.7517552,9.700877,9.686572,9.222998,10.525474,-4.03753862910387,-1.139630643207
7.7819024,9.720702,9.753368,9.241617,10.593462,-4.0286639781592,-0.876774074468949
7.8119808,9.700877,9.734283,9.241617,10.603175,-4.29813629089036,-0.843450386560364
7.8469952,9.720702,9.810621,9.297475,10.554612,-3.80367357223368,-0.992763906260535
7.8933072,9.740528,9.839248,9.288166,10.622600,-3.85495539658398,-0.754792783481022
7.9543136,9.720702,9.810621,9.288166,10.651738,-4.28142620241704,-0.694032223036777
8.0108608,9.780179,9.772452,9.250927,10.651738,-3.96107413077033,-0.866873259419333
8.0471456,9.760353,9.772452,9.250927,10.642026,-4.01804633640029,-0.834616119138976
8.0769904,9.710790,9.762910,9.269546,10.593462,-4.18302535707103,-0.904145400221844
8.126984,9.710790,9.810621,9.269546,10.554612,-3.70623422815693,-0.879370609459853
8.1582704,9.770266,9.772452,9.278856,10.593462,-3.85079536874793,-1.08342163368352
8.1970864,9.760353,9.762910,9.278856,10.593462,-3.95860520465499,-1.08046865379106
8.2482432,9.780179,9.715199,9.232308,10.574037,-3.75337196176956,-1.18859117269137
8.2792784,9.750441,9.753368,9.278856,10.515761,-3.64246211894655,-1.29537251572247
8.3107872,9.730615,9.781994,9.288166,10.525474,-3.69759827523635,-1.15629431502198
8.3505376,9.740528,9.772452,9.241617,10.486623,-3.22798494020201,-1.18235549119692
8.3818288,9.849568,9.810621,9.269546,10.554612,-2.93942986460113,-1.29415858038705
8.412,9.859481,9.867875,9.250927,10.593462,-2.68065906814844,-1.00016148156981
8.4470688,9.839655,9.829706,9.204379,10.476911,-2.10598437571028,-1.23423815543367
8.4829552,9.760353,9.839248,9.222998,10.554612,-3.01906749583251,-0.808448059895934
8.5167888,9.750441,9.886959,9.269546,10.486623,-2.69309678517332,-0.974842811773594
8.5667632,9.800004,9.848790,9.306785,10.515761,-2.99338591307272,-1.25934480887568
8.60548,9.839655,9.829706,9.222998,10.506049,-2.36833832018588,-1.20823631623066
8.6354976,9.710790,9.839248,9.241617,10.544899,-3.34188850660258,-0.742696325936717
8.6669104,9.819830,9.867875,9.278856,10.574037,-2.94482973510312,-1.01930535190231
8.7293392,9.760353,9.858332,9.288166,10.583750,-3.42864438382179,-0.869090627775231
8.7593824,9.780179,9.848790,9.232308,10.515761,-2.69518442443176,-0.977629371822557
8.7907776,9.770266,9.858332,9.232308,10.612888,-3.2283163270935,-0.6505376338029
8.8293104,9.809917,9.867875,9.269546,10.603175,-3.10740562698192,-0.880882727505849
8.859552,9.819830,9.820163,9.260237,10.574037,-3.10590624473281,-1.09681389455227
8.8907552,9.760353,9.801079,9.306785,10.544899,-3.63474057765238,-1.19301226275679
8.930936,9.790092,9.791537,9.241617,10.564324,-3.27333270860219,-1.05946417439747
8.9845136,9.760353,9.801079,9.260237,10.622600,-3.80447095425483,-0.836833096234584
9.0132144,9.770266,9.791537,9.241617,10.535187,-3.22361647423686,-1.08168057803091
9.0548864,9.760353,9.820163,9.278856,10.574037,-3.53577804586596,-0.974765646434545
9.0851824,9.800004,9.734283,9.222998,10.525474,-3.22079675954549,-1.3028691510155
9.1148512,9.809917,9.734283,9.316095,10.554612,-3.83380714475838,-1.52856227274936
9.1471584,9.839655,9.810621,9.306785,10.564324,-3.25009194293198,-1.34833639680056
9.204616,9.819830,9.772452,9.316095,10.544899,-3.51491604528667,-1.47825171955583
9.236048,9.780179,9.743825,9.250927,10.622600,-3.96108108231512,-1.02811849721068
9.2686192,9.780179,9.781994,9.269546,10.564324,-3.5334656120395,-1.14003453785572
9.3086192,9.780179,9.743825,9.316095,10.554612,-3.94571717801979,-1.4131683999241
9.337232,9.760353,9.801079,9.306785,10.564324,-3.7406075724975,-1.13867566919383
9.3685632,9.760353,9.801079,9.222998,10.554612,-3.23007774107727,-0.915095288503411
9.4095008,9.800004,9.734283,9.297475,10.603175,-4.0517111439318,-1.30740049424352
9.4385296,9.770266,9.820163,9.325405,10.622600,-3.99832837075862,-1.00794285834716
9.4694128,9.809917,9.858332,9.334714,10.651738,-3.77762888789765,-0.966588949704227
9.5033456,9.750441,9.753368,9.195069,10.583750,-3.55603428875898,-0.853465704691383
9.54464,9.700877,9.781994,9.269546,10.554612,-3.92014007583901,-0.929711458874462
9.5720128,9.730615,9.781994,9.213688,10.583750,-3.60905062030356,-0.769766772891333
9.601968,9.720702,9.724741,9.269546,10.593462,-4.34019296144543,-1.04072258644912
9.6433104,9.800004,9.801079,9.334714,10.574037,-3.72627102993484,-1.31298660677012
9.6848304,9.750441,9.801079,9.297475,10.515761,-3.47976197360467,-1.2171831676993
9.7147856,9.780179,9.753368,9.269546,10.496336,-3.32029277359397,-1.41107270619979
9.7460608,9.800004,9.829706,9.250927,10.554612,-3.00566041588957,-1.03740440252122
9.7958816,9.740528,9.839248,9.250927,10.603175,-3.54646559918571,-0.697350629916989
9.84704,9.790092,9.877417,9.232308,10.622600,-3.06691445688684,-0.629877614378469
9.8985488,9.780179,9.801079,9.232308,10.544899,-3.11821939907213,-1.02957886826528
9.932248,9.780179,9.781994,9.297475,10.535187,-3.52686798073423,-1.30505883827326
9.9710896,9.800004,9.820163,9.316095,10.525474,-3.25503629779307,-1.33999564751156
10.0095424,9.809917,9.753368,9.325405,10.457485,-3.24872216459845,-1.77577602266011
10.0407536,9.790092,9.839248,9.288166,10.593462,-3.42277175794107,-0.984007750850374
10.0707056,9.829743,9.743825,9.269546,10.564324,-3.4704319770547,-1.39491765940816
10.1121648,9.800004,9.781994,9.204379,10.574037,-3.12073924369363,-0.977181866097538
10.15436,9.809917,9.896501,9.269546,10.544899,-2.63214325664729,-0.96339805291487
10.1832432,9.770266,9.820163,9.306785,10.593462,-3.73887588476545,-1.03361027848122
10.2172112,9.809917,9.820163,9.278856,10.544899,-3.10313381841662,-1.20419864959522
10.2760944,9.809917,9.781994,9.288166,10.593462,-3.6293631050064,-1.20290725791774
10.3069856,9.780179,9.753368,9.278856,10.535187,-3.58371574724512,-1.32974572955482
10.340704,9.800004,9.820163,9.269546,10.554612,-3.16001041390206,-1.11968277162931
10.3772304,9.780179,9.772452,9.306785,10.583750,-3.89508236540738,-1.22358136899137
10.4083808,9.740528,9.781994,9.260237,10.554612,-3.64922629203457,-1.02069707303438
10.4434656,9.770266,9.791537,9.344024,10.593462,-4.09952176993513,-1.22454781633432
10.4843872,9.800004,9.839248,9.325405,10.642026,-3.83426052930834,-0.989388590584697
10.518224,9.809917,9.791537,9.232308,10.574037,-3.16599537536283,-1.06375491763947
10.5495152,9.790092,9.781994,9.269546,10.544899,-3.372560714852,-1.22404416615821
10.5931248,9.681051,9.734283,9.260237,10.593462,-4.45717223539435,-0.867019526075699
10.6207712,9.800004,9.743825,9.325405,10.564324,-3.93943044513326,-1.47274500232495
10.650672,9.819830,9.839248,9.344024,10.564324,-3.40428536410064,-1.32015190268232
10.6836288,9.809917,9.753368,9.334714,10.535187,-3.72377159241798,-1.58493459608958
10.7232928,9.780179,9.820163,9.232308,10.515761,-2.85316879489224,-1.05771883091248
10.7536176,9.800004,9.810621,9.297475,10.583750,-3.52382459947709,-1.14827813176422
10.7848528,9.809917,9.839248,9.260237,10.612888,-3.26718998689555,-0.905721693485414
10.8271152,9.809917,9.820163,9.222998,10.632313,-3.27530540778182,-0.793499002326127
10.8559408,9.790092,9.839248,9.297475,10.554612,-3.2618159352196,-1.1201433378401
10.8972448,9.800004,9.791537,9.222998,10.554612,-3.06359264439487,-1.06058419325801
10.9295488,9.800004,9.829706,9.297475,10.564324,-3.31271940825266,-1.14922961834904
10.9672528,9.829743,9.858332,9.241617,10.535187,-2.52711456005832,-1.07272963698005
10.9982992,9.790092,9.820163,9.316095,10.593462,-3.68001518431916,-1.1204990835055
11.0296208,9.790092,9.820163,9.306785,10.574037,-3.52367583390682,-1.14695581794927
11.0795312,9.800004,9.829706,9.213688,10.496336,-2.48235431219117,-1.08900774073918
11.1309216,9.809917,9.820163,9.167140,10.593462,-2.75773415860811,-0.73442346502863
11.166128,9.800004,9.753368,9.241617,10.642026,-3.85346818288222,-0.978648811824635
11.212192,9.790092,9.839248,9.269546,10.564324,-3.16244216766086,-1.00966407007804
11.2434144,9.839655,9.820163,9.278856,10.574037,-3.09826077590853,-1.21142573841444
11.2746336,9.790092,9.762910,9.297475,10.544899,-3.63062795526332,-1.36091273659282
11.318608,9.760353,9.715199,9.269546,10.535187,-3.854694844435,-1.34986004166038
11.3549376,9.800004,9.686572,9.297475,10.535187,-3.94597861651881,-1.63230601164527
11.3847184,9.809917,9.686572,9.325405,10.622600,-4.51860444385525,-1.4993872567114
11.4360544,9.740528,9.724741,9.334714,10.574037,-4.47886927799145,-1.34946039643357
11.4681744,9.770266,9.791537,9.334714,10.642026,-4.31241686590486,-1.06132596133102
11.4984064,9.809917,9.772452,9.344024,10.632313,-4.1964951835407,-1.28736060568833
11.5531504,9.740528,9.772452,9.278856,10.622600,-4.17422483053201,-0.913073484677061
11.5892432,9.819830,9.753368,9.316095,10.583750,-3.83193742071289,-1.42287572528901
11.619296,9.800004,9.753368,9.288166,10.564324,-3.68374529565738,-1.33500566165697
11.6719616,9.770266,9.772452,9.316095,10.486623,-3.47101902759413,-1.4941377037949
11.701128,9.800004,9.858332,9.278856,10.612888,-3.31804508876582,-0.878609383664964
11.7461168,9.790092,9.839248,9.260237,10.603175,-3.32354656527622,-0.873548328525567
11.8035504,9.819830,9.820163,9.241617,10.583750,-3.05728590834162,-1.01411720648854
11.834448,9.869394,9.877417,9.269546,10.593462,-2.67547624928598,-1.05855679285009
11.8648512,9.839655,9.867875,9.278856,10.544899,-2.67688582253512,-1.1595935056675
11.9044736,9.829743,9.820163,9.297475,10.544899,-3.09548709311191,-1.31876525101988
11.934888,9.829743,9.820163,9.269546,10.525474,-2.83684146850351,-1.289898693964
11.96612,9.790092,9.772452,9.297475,10.564324,-3.68373254786535,-1.2797442777545
12.0070768,9.800004,9.781994,9.334714,10.515761,-3.51440217844898,-1.52961542684816
12.0384976,9.839655,9.762910,9.325405,10.544899,-3.50884422970963,-1.59164899784352
12.0686832,9.849568,9.820163,9.232308,10.535187,-2.57704885527407,-1.21078332113516
12.1022448,9.829743,9.848790,9.269546,10.506049,-2.57297571216247,-1.26415182737564
12.1422688,9.790092,9.791537,9.269546,10.535187,-3.26672567372901,-1.22452150732496
12.1809456,9.879307,9.762910,9.325405,10.593462,-3.55434214220331,-1.57332661963185
12.2122304,9.800004,9.743825,9.250927,10.564324,-3.53335001944804,-1.2505574656873
12.2634992,9.800004,9.839248,9.306785,10.564324,-3.31083803409215,-1.15034444543636
12.2932784,9.809917,9.801079,9.297475,10.564324,-3.41596485250433,-1.25875976551826
12.323528,9.770266,9.820163,9.269546,10.544899,-3.27115712553467,-1.0579710314978
12.3633904,9.809917,9.801079,9.260237,10.506049,-2.89415297938982,-1.31085082465594
12.4047824,9.849568,9.829706,9.297475,10.603175,-3.25127644289273,-1.1884469790238
12.4361232,9.809917,9.753368,9.371953,10.554612,-4.03201238006514,-1.64110416029621
12.4859536,9.889219,9.877417,9.344024,10.525474,-2.60220814780838,-1.52787900163018
12.5171072,9.780179,9.753368,9.232308,10.515761,-3.22269446492743,-1.24504819106814
12.5467936,9.770266,9.810621,9.232308,10.535187,-3.06709396902914,-1.00036357979839
12.5820032,9.750441,9.743825,9.269546,10.506049,-3.59136243987437,-1.3216271807287
12.6294896,9.839655,9.781994,9.334714,10.661451,-4.08697711679857,-1.24021976085312
12.6600496,9.809917,9.781994,9.399882,10.642026,-4.49846534705412,-1.39947513492609
12.6920384,9.879307,9.867875,9.344024,10.680876,-3.55212664190129,-1.09288123512023
12.7322448,9.889219,9.801079,9.362643,10.632313,-3.70239856607394,-1.49791133175649
12.7620912,9.730615,9.648403,9.334714,10.612888,-5.1705132584821,-1.42512391101951
12.8108768,9.720702,9.734283,9.232308,10.525474,-3.71214373730174,-1.09297975154685
12.8546048,9.720702,9.848790,9.306785,10.632313,-4.06573143838401,-0.697643538521537
12.8847872,9.740528,9.877417,9.222998,10.651738,-3.44809661792362,-0.372613725317577
12.914904,9.790092,9.925128,9.260237,10.700302,-3.37899561239452,-0.366252109605085
12.9559296,9.909045,9.991924,9.390572,10.710014,-3.12074861619817,-0.895517675032475
12.9896432,9.899132,9.953755,9.371953,10.690589,-3.17752049746253,-0.969896970551502
13.0386032,10.047823,10.058719,9.390572,10.700302,-1.95596605822016,-1.14667937451227
13.0896544,9.710790,9.781994,9.139211,10.418635,-2.40106460850516,-0.949102747843448
13.1195424,9.601749,9.810621,8.971636,10.457485,-2.13372844851339,0.0820397911592288
13.1496,9.800004,9.915586,9.297475,10.642026,-3.26281672028362,-0.694406961882782
13.1933488,9.978434,9.944213,9.446431,10.690589,-3.19892261228405,-1.44879279636845
13.2207888,10.077562,9.801079,9.465050,10.564324,-2.85808539059849,-2.54161534768641
13.2511216,9.740528,9.638861,9.250927,10.331221,-3.1670439830903,-2.02855093509526
13.283304,9.512534,9.572065,9.046114,10.263232,-3.30768537483479,-1.10132592270587
13.3344912,9.681051,9.801079,9.101972,10.486623,-2.63030577843248,-0.501645644543315
13.3631136,9.859481,9.915586,9.269546,10.632313,-2.73221098192535,-0.815265839905464
13.39584,9.938783,9.953755,9.390572,10.710014,-3.16661535049966,-1.08824419329751
13.444864,9.928870,9.915586,9.371953,10.680876,-3.17108119895329,-1.18989967439327
13.4760144,9.720702,9.715199,9.306785,10.486623,-4.01338216354144,-1.47937159075312
13.5059664,9.720702,9.801079,9.232308,10.496336,-3.18138278577198,-0.987250325153561
13.565592,9.740528,9.848790,9.334714,10.612888,-4.00228357857369,-0.894354139950076
13.5974864,9.770266,9.820163,9.288166,10.632313,-3.8488630139837,-0.869768995801042
13.6269744,9.800004,9.810621,9.334714,10.622600,-3.93730256688505,-1.1508334670172
13.6873424,9.819830,9.762910,9.344024,10.671164,-4.40474772926827,-1.23509223715322
13.730928,9.740528,9.743825,9.306785,10.603175,-4.37937369255715,-1.13091659185269
13.7647872,9.780179,9.810621,9.325405,10.719727,-4.52201398879946,-0.794099897858493
13.8009344,9.829743,9.781994,9.288166,10.583750,-3.46698999604491,-1.28913683318403
13.8319552,9.829743,9.791537,9.334714,10.661451,-4.0890210437463,-1.18420342956802
13.8620384,9.909045,9.877417,9.344024,10.642026,-3.12680682452761,-1.26216772929079
13.9133136,9.879307,9.848790,9.260237,10.544899,-2.46225635050529,-1.27545827160492
13.9438384,9.809917,9.820163,9.204379,10.535187,-2.64243108162524,-1.00877717134591
13.973072,9.849568,9.925128,9.232308,10.554612,-2.10724902304321,-0.863917921003746
14.013248,9.909045,9.934670,9.260237,10.603175,-2.14775256271186,-0.962800610355887
14.0460144,9.938783,9.953755,9.250927,10.583750,-1.72503444299663,-1.02438659001106
14.0873424,9.869394,9.839248,9.288166,10.389497,-1.87007172023769,-1.79153044348893
14.1186848,9.899132,9.867875,9.204379,10.399209,-1.1417145703873,-1.5227771182156
14.1556144,9.909045,9.915586,9.288166,10.496336,-1.82101716955939,-1.39588681545178
14.1893616,9.978434,9.991924,9.334714,10.525474,-1.44152735126471,-1.44526447412184
14.2172,9.909045,9.877417,9.297475,10.486623,-2.02743034348669,-1.55724313230521
14.281048,9.839655,9.896501,9.260237,10.418635,-1.72569965621227,-1.37712901860777
14.3195072,9.909045,9.944213,9.325405,10.583750,-2.34470823263351,-1.18343680968493
14.3522384,9.889219,9.886959,9.353334,10.593462,-2.97026662772966,-1.33944741345984
14.3922464,9.859481,9.810621,9.353334,10.574037,-3.44697980232378,-1.51827192644241
14.4222496,9.899132,9.858332,9.344024,10.622600,-3.18029924944033,-1.33981069279717
14.4535808,9.859481,9.781994,9.334714,10.671164,-4.0302295368873,-1.27201845954397
14.4972448,9.829743,9.820163,9.344024,10.651738,-3.92903512618414,-1.15922582916371
14.5336128,9.869394,9.867875,9.409192,10.729439,-4.21949580492169,-1.12190348537365
14.563104,9.800004,9.810621,9.362643,10.816853,-5.13561354337357,-0.69520017192332
14.6032624,9.730615,9.791537,9.371953,10.651738,-4.78611642731596,-1.02708025309105
14.634648,9.740528,9.848790,9.409192,10.729439,-5.03387626352253,-0.792843830369812
14.664896,9.730615,9.810621,9.353334,10.710014,-4.89450159953946,-0.756539224645491
14.6987648,9.780179,9.810621,9.325405,10.700302,-4.41707366035007,-0.847988572605843
14.7456608,9.819830,9.753368,9.399882,10.642026,-4.6019000430327,-1.508730031643
14.7761872,9.869394,9.839248,9.334714,10.729439,-3.97555962178224,-0.980708881617356
14.8096752,9.819830,9.781994,9.316095,10.612888,-3.83211919455406,-1.26136165149274
14.857336,9.829743,9.772452,9.362643,10.554612,-3.76635785508631,-1.618821448715
14.8972832,9.819830,9.762910,9.353334,10.554612,-3.82323476521598,-1.58849289448089
14.939664,9.819830,9.791537,9.297475,10.515761,-3.14892696518937,-1.45099974542421
14.989936,9.859481,9.839248,9.371953,10.554612,-3.28518162817663,-1.54773555961531
15.0200336,9.829743,9.810621,9.288166,10.525474,-2.9911924467291,-1.3720987902819
