0.0417008,11.207158,7.499819,11.573883,8.934220,0.234687154542561,-0.477940545092004
0.0741408,11.137787,7.433038,11.499430,8.866243,0.198446779905305,-0.583415200653821
0.1055216,11.137787,7.442578,11.424978,8.885665,0.546227451020091,-0.301983178086751
0.145168,11.157607,7.423497,11.499430,8.895376,0.10381445819883,-0.565315061942513
0.197712,11.127877,7.471199,11.564576,8.963354,-0.494453220359812,-0.259871741893921
0.2279344,11.177428,7.471199,11.564576,8.934220,-0.0537337274115224,-0.479495964236516
0.2590768,11.127877,7.471199,11.545963,8.924509,-0.191753822424674,-0.345718369087422
0.3004128,11.157607,7.480739,11.527350,9.011909,-0.326260852064163,-0.0454628792111507
0.330496,11.177428,7.509360,11.601803,9.021620,-0.487567030697074,-0.146910781031789
0.3600736,11.217068,7.509360,11.536657,8.953643,0.440771720100091,-0.313568499518713
0.4089872,11.157607,7.557061,11.545963,8.973065,0.221558564695107,0.035110814394713
0.4466592,11.127877,7.509360,11.583190,9.002198,-0.574947487698406,-0.0457064701687067
0.4827824,11.177428,7.528440,11.583190,9.031332,-0.330732988232887,-0.00478167120031259
0.5242512,11.157607,7.480739,11.611109,9.050754,-0.968897692388037,-0.119537233358393
0.5565616,11.167518,7.471199,11.545963,8.943932,-0.0642311665864277,-0.37697277966182
0.5850912,11.127877,7.461658,11.564576,9.011909,-0.804960440029662,-0.128147631284328
0.6191024,11.127877,7.480739,11.555270,8.973065,-0.441203852019362,-0.172053833773354
0.6591104,11.177428,7.480739,11.564576,8.973065,-0.202966022527932,-0.31599188075532
0.6877648,11.127877,7.461658,11.536657,8.963354,-0.40288523610773,-0.223743041328301
0.7178624,11.137787,7.452118,11.527350,8.943932,-0.2492852277759,-0.323242602848296
0.760328,11.167518,7.413957,11.601803,8.963354,-0.792322905326944,-0.641271682260495
0.7890512,11.167518,7.518900,11.545963,8.934220,0.263059961231182,-0.248598380716416
0.8200048,11.127877,7.413957,11.518044,8.924509,-0.37724567678457,-0.471479615708414
0.852736,11.108057,7.461658,11.527350,8.885665,-0.0588056108773038,-0.415617042665563
0.9003792,11.147697,7.423497,11.536657,8.992487,-0.662829505155726,-0.302828642243711
0.9316048,11.157607,7.509360,11.573883,8.992487,-0.303005832658499,-0.128349506553239
0.961672,11.127877,7.518900,11.573883,8.905087,0.0400728008401821,-0.318359203162672
1.0126192,11.157607,7.490279,11.545963,8.934220,0.0401002772592385,-0.321055304478747
1.047816,11.177428,7.518900,11.592496,8.924509,0.126295435142977,-0.419204549392905
1.1089472,11.207158,7.509360,11.527350,8.982776,0.279109159278775,-0.168431220130973
1.145328,11.167518,7.490279,11.527350,9.002198,-0.162540257128104,-0.0703114712548825
1.1751152,11.177428,7.499819,11.620416,9.002198,-0.538475135373037,-0.289688573530182
1.2075344,11.127877,7.490279,11.592496,9.011909,-0.785258222263993,-0.100016748174145
1.2465776,11.157607,7.452118,11.564576,8.963354,-0.43263562826615,-0.397086640252109
1.2779104,11.137787,7.461658,11.601803,9.011909,-0.942572970977515,-0.243423411556037
1.3091392,11.108057,7.471199,11.536657,8.963354,-0.462620667389372,-0.142880728950754
1.350496,11.177428,7.518900,11.518044,8.982776,0.211545149913995,-0.0408021445497511
1.3805072,11.137787,7.471199,11.629722,8.963354,-0.779068148904619,-0.44322706124677
1.4142464,11.177428,7.499819,11.573883,8.934220,0.0628810076991559,-0.40544614089389
1.455128,11.147697,7.442578,11.527350,8.982776,-0.451861562125721,-0.248348271371217
1.4928608,11.207158,7.499819,11.536657,9.002198,0.0728378062794466,-0.157889818194224
1.5328768,11.226979,7.557061,11.592496,8.953643,0.478614569419541,-0.313133288588297
1.5652384,11.058506,7.471199,11.545963,8.934220,-0.646510188574286,-0.142629394569116
1.6150016,11.108057,7.461658,11.555270,9.002198,-0.820303894924683,-0.0895457042021199
1.6465776,11.108057,7.471199,11.592496,8.992487,-0.909262887621136,-0.181312006857773
1.6778112,11.217068,7.433038,11.611109,8.943932,-0.341089442429924,-0.785626992298035
1.71928,11.197248,7.423497,11.620416,8.963354,-0.662047160941549,-0.726621973139903
1.7677696,11.117967,7.528440,11.555270,8.963354,-0.171003388163058,-0.0196183185662768
1.810576,11.137787,7.537980,11.536657,8.982776,-0.00532913403180224,0.0749578922141225
1.850224,11.177428,7.576141,11.536657,9.021620,0.239434769635187,0.236418732041447
1.8852592,11.177428,7.537980,11.536657,8.992487,0.172589406864967,0.0105243606765875
1.9251424,11.187338,7.537980,11.545963,8.934220,0.48771566104152,-0.232669637848289
1.963048,11.167518,7.490279,11.508737,9.002198,-0.0645726415581418,-0.0247125016112335
1.9916208,11.226979,7.518900,11.629722,8.973065,-0.0384784483694283,-0.46668218428244
2.03168,11.217068,7.547521,11.573883,9.021620,0.10746981456713,-0.0473678399626145
2.07516,11.127877,7.471199,11.527350,8.953643,-0.24724309752348,-0.20150637827691
2.1150576,11.157607,7.471199,11.555270,8.914798,-0.0171106855788832,-0.474112750617707
2.1450352,11.177428,7.471199,11.545963,8.973065,-0.160277415835996,-0.302730638092839
2.1962848,11.187338,7.452118,11.518044,8.905087,0.292589891036181,-0.553398879815362
2.2265296,11.187338,7.404417,11.545963,8.982776,-0.541221247006622,-0.519949169268958
2.2578096,11.108057,7.442578,11.545963,8.895376,-0.319589853425311,-0.493069514310321
2.2993024,11.197248,7.499819,11.648336,9.021620,-0.671547321753346,-0.340534762055846
2.3292768,11.157607,7.461658,11.611109,9.002198,-0.825460923747142,-0.347261753038659
2.3604768,11.098146,7.385337,11.564576,8.905087,-0.860704773899295,-0.676047970621429
2.4051648,11.137787,7.442578,11.583190,9.002198,-0.904935751664336,-0.295098427553096
2.441616,11.137787,7.452118,11.583190,8.992487,-0.798566266537902,-0.295675486956888
2.4741104,11.147697,7.433038,11.629722,8.973065,-0.994002839384875,-0.563544807851621
2.5042512,11.236889,7.490279,11.592496,9.002198,-0.103901540028728,-0.398571854536147
2.5440144,11.108057,7.433038,11.573883,8.973065,-0.931572274445605,-0.33035709797123
2.5762272,11.207158,7.537980,11.545963,8.982776,0.346182280568636,-0.11756390565041
2.6037888,11.177428,7.585681,11.536657,9.002198,0.396479211740562,0.203295218913929
2.6451616,11.217068,7.576141,11.629722,9.011909,0.0304414315708197,-0.119968317041074
2.6751312,11.217068,7.499819,11.611109,9.002198,-0.260770884157703,-0.363527566913831
2.7367536,11.197248,7.547521,11.508737,8.992487,0.488942651829674,0.062422596755134
2.7862928,11.207158,7.442578,11.573883,8.924509,-0.0451747759646111,-0.704463032512979
2.8188176,11.246799,7.528440,11.564576,8.914798,0.779628734650226,-0.520739122070179
2.8626016,11.226979,7.499819,11.564576,8.924509,0.449304540890482,-0.536356299938134
2.9087936,11.157607,7.499819,11.583190,8.885665,0.155115296341201,-0.54403253325329
2.942616,11.157607,7.423497,11.592496,8.875954,-0.285482821702775,-0.858747110059127
2.9714832,11.127877,7.423497,11.573883,8.905087,-0.513902215284519,-0.641720875626515
3.0442192,11.197248,7.452118,11.573883,8.973065,-0.302845318158282,-0.483710973840466
3.0727664,11.098146,7.461658,11.620416,8.953643,-0.96503550996041,-0.388814721861674
3.1089056,11.177428,7.423497,11.629722,8.973065,-0.876749537067981,-0.668193173996329
3.1439456,11.117967,7.461658,11.527350,8.982776,-0.513743307552929,-0.110962076599769
3.1738576,11.137787,7.413957,11.573883,8.992487,-0.971581332323671,-0.401932444303434
3.2050848,11.117967,7.423497,11.527350,8.973065,-0.684617406039388,-0.272919829989675
3.2550608,11.127877,7.509360,11.573883,8.982776,-0.4241369653377,-0.0883366231226965
3.2865936,11.137787,7.452118,11.620416,8.973065,-0.891951369064335,-0.452187504178404
3.3165872,11.137787,7.442578,11.573883,9.011909,-0.907057459060535,-0.239555434248079
3.361712,11.108057,7.413957,11.601803,8.982776,-1.24026450538556,-0.430376542148821
3.4004768,11.177428,7.509360,11.592496,8.973065,-0.184145889212592,-0.287611767653758
3.429016,11.157607,7.528440,11.527350,8.943932,0.307885939609612,-0.113825151110696
3.4616832,11.127877,7.480739,11.545963,8.943932,-0.238791510134934,-0.247702428049731
3.499048,11.167518,7.576141,11.545963,9.002198,0.23550140985941,0.172779174976128
3.5303408,11.117967,7.509360,11.527350,8.895376,0.224410327590189,-0.245240440231068
3.560544,11.167518,7.518900,11.508737,8.953643,0.357010377316596,-0.0919266716989036
3.6103168,11.078326,7.385337,11.555270,8.943932,-1.13221399489162,-0.472521966331009
3.6615888,11.127877,7.423497,11.508737,8.943932,-0.375120147624965,-0.350332864703176
3.7091216,11.098146,7.413957,11.545963,8.924509,-0.697911593400029,-0.467040953212674
3.744152,11.078326,7.375796,11.573883,8.943932,-1.28598069317623,-0.550581466452602
3.7728336,11.167518,7.385337,11.611109,9.031332,-1.36368146913929,-0.530758505908164
3.8065728,11.038685,7.375796,11.601803,8.934220,-1.61383448233636,-0.55489150383503
3.844296,11.098146,7.375796,11.564576,8.943932,-1.12112425955964,-0.576331910573362
3.8738192,11.137787,7.423497,11.592496,8.982776,-0.962796632066039,-0.447989138757041
3.9051248,11.217068,7.394877,11.536657,8.924509,-0.0679324332292897,-0.79979808617281
3.9651872,11.088236,7.394877,11.527350,8.943932,-0.871400385688981,-0.395907922321012
4.0104688,11.098146,7.356716,11.592496,8.963354,-1.48156651861674,-0.643484105338736
4.0414672,11.117967,7.385337,11.564576,8.934220,-0.898545274382057,-0.625419298014133
4.089016,11.117967,7.413957,11.601803,8.934220,-0.92756448994899,-0.619183483189506
4.121824,11.137787,7.452118,11.583190,8.992487,-0.798566266537902,-0.295675486956888
4.1502368,11.147697,7.461658,11.499430,9.021620,-0.398586296784151,0.015718100085607
4.2012992,11.117967,7.528440,11.564576,8.953643,-0.168874016867386,-0.0751606382256043
4.2314848,11.157607,7.480739,11.508737,8.982776,-0.0749042247794804,-0.0980984648771148
4.2614224,11.127877,7.413957,11.518044,8.943932,-0.479797099274643,-0.405527926260962
4.3053552,11.108057,7.413957,11.573883,9.070176,-1.55171502108456,-0.0667687964850181
4.354008,11.108057,7.413957,11.564576,9.002198,-1.14685458811115,-0.273547108444525
4.3843008,11.137787,7.461658,11.592496,9.060465,-1.14793404424481,-0.0571606857601381
4.4251728,11.108057,7.442578,11.601803,8.963354,-0.971668907634298,-0.399240460710658
4.4565168,11.226979,7.566601,11.806547,9.118732,-1.44108370300594,-0.247336368751174
4.4891088,11.226979,7.442578,11.760014,9.021620,-1.41224401597739,-0.875493722729988
4.5248224,10.999045,7.328095,11.564576,8.924509,-1.87998655601213,-0.561849733069167
4.5675936,10.929674,7.337635,11.508737,8.973065,-2.19446427903773,-0.0546650026159412
4.5975632,11.068416,7.404417,11.555270,9.099309,-1.89364359409612,0.142217995317068
4.6451088,11.187338,7.604762,11.722788,9.225554,-1.56847848595259,0.532446439321919
4.680376,11.187338,7.423497,11.685562,8.992487,-1.2129007525477,-0.76220472969143
4.710408,11.028775,7.347176,11.545963,8.914798,-1.44362592859764,-0.557203381350163
4.7419472,10.919763,7.318555,11.452898,8.749709,-0.884503904934402,-0.723174925997135
4.8018016,10.949494,7.385337,11.378445,8.866243,-0.539304136017025,0.017824227482933
4.842088,11.217068,7.547521,11.620416,9.060465,-0.33933316208986,-0.0305837154963875
4.8790512,11.217068,7.442578,11.629722,8.934220,-0.332620681011141,-0.831401085676855
4.9178576,11.018865,7.337635,11.490124,8.846821,-0.902698448823985,-0.660486721011988
4.9650272,10.919763,7.461658,11.406365,8.924509,-0.723980215611851,0.481077133619202
5.007936,11.266619,7.547521,11.666949,9.079887,-0.398397865890431,-0.19892833099949
5.0380944,11.058506,7.375796,11.545963,8.943932,-1.25499212206353,-0.433480928625578
5.0678368,11.058506,7.461658,11.555270,9.011909,-1.15975890775747,0.0648841033411927
5.1017168,10.979224,7.328095,11.555270,8.953643,-2.10111871427057,-0.390741286913613
5.150184,10.909853,7.366256,11.434284,8.953643,-1.6467574282357,0.210750600660607
5.1800976,11.117967,7.394877,11.536657,9.031332,-1.20668525071144,-0.195403161479838
5.2113152,11.117967,7.471199,11.601803,9.050754,-1.20550224035694,-0.0320230804654287
5.2541776,11.187338,7.452118,11.676255,9.070176,-1.4034104454134,-0.381418063079067
5.302816,10.870213,7.289934,11.853080,9.293532,-6.27091872001219,0.165954165654068
5.3343872,10.681919,7.127750,11.760014,9.244976,-7.64442031778426,0.147603822892759
5.3846192,10.731470,7.080049,11.815854,9.274109,-8.06725080532427,-0.175869045434435
5.4153104,10.919763,7.213612,11.853080,9.254687,-6.2318130286458,-0.34234347523028
5.4467136,11.246799,7.413957,11.918226,9.293532,-3.67303594737055,-0.489744937943527
5.4865152,11.256709,7.423497,11.732095,9.002198,-1.10448991507411,-1.00964046684901
5.5165664,11.236889,7.366256,11.369138,8.584621,2.59460277573181,-1.70399988579383
5.5478112,11.276529,7.499819,11.350525,8.710865,3.0149745929994,-0.8608261111982
5.5903568,11.335990,7.499819,11.387752,8.623465,3.62769692337475,-1.39654359401371
5.6384464,11.326080,7.547521,11.164394,8.458376,5.96514814126746,-1.22981942156297
5.6728256,11.613475,7.976831,11.294686,8.555487,8.75192327485402,-0.455857966957225
5.7205664,11.940510,8.014992,11.238846,8.506932,11.322081187091,-1.14336826220818
5.7508016,11.990061,8.110395,11.071328,8.273865,14.3237139952476,-1.32417922349258
5.781992,12.059432,8.234418,10.903810,8.167043,16.9047092388567,-1.02981320381135
5.813112,12.089163,8.129475,10.820051,8.108776,17.3115393252372,-1.45320564271321
5.8542592,11.851319,8.024532,10.941036,8.361265,13.3478667519701,-0.668628251406144
5.88428,11.672936,7.805107,11.136474,8.604043,8.72945913656685,-0.631116694207805
5.913048,11.395451,7.518900,11.490124,9.002198,1.50904473744483,-0.438788954187988
5.954064,11.078326,7.442578,11.741401,9.206132,-3.13261311445831,0.148808194574194
5.984152,11.167518,7.404417,11.797241,9.303243,-3.62036959131879,-0.00690185698887902
6.0166224,11.226979,7.375796,11.741401,9.303243,-3.15574420760487,-0.110946577852403
6.0493824,11.563924,7.566601,11.518044,8.895376,3.15465993884953,-1.11148659121374
6.086504,11.950421,7.795567,11.099248,8.555487,10.679821088536,-1.40834568047953
6.118136,12.356737,8.215337,10.708372,8.137910,19.6570918714598,-1.43798966456362
6.1491504,12.862156,8.520625,10.512934,7.710621,27.4476739777368,-2.58924567946342
6.1900688,13.367574,8.835453,10.364029,7.467843,33.8166592075162,-3.17914464716838
6.2339728,14.328860,9.484189,10.373335,7.341599,41.9700276112749,-3.64874239508215
6.26428,14.437872,9.655913,10.233737,7.205643,44.8658357574424,-3.46391253175069
6.2916016,14.388321,9.598672,9.973153,6.982288,47.3606395256957,-3.69096780765626
6.3414224,13.605418,9.255223,9.061109,6.399621,51.9848637999514,-2.88556814260304
6.3725616,13.486496,9.379246,8.781912,6.273377,54.7701069555101,-1.91561073495797
6.4051552,13.645059,9.541430,8.753992,6.292799,56.2703089117281,-1.60122375146085
6.4445472,13.872993,9.589131,8.763299,6.137421,58.4945325106792,-2.56007886623653
6.4767136,14.081106,9.531890,8.921511,6.040310,58.7328699274935,-3.98600367472521
6.5054832,14.021645,9.369706,8.865671,5.943199,58.8196736635518,-4.63105680254158
6.5605008,13.615328,9.197982,8.484102,5.758688,60.2516119040935,-4.00103057867202
6.59776,13.902723,9.178901,8.670233,5.661577,60.8108833110404,-5.58804648228636
6.6275856,14.209938,9.627292,8.912204,6.050021,59.7007175977846,-3.90121153842831
6.6740576,14.586525,9.636833,9.098335,5.991754,60.475506940659,-5.3882710167992
6.719544,13.169371,8.749590,8.065306,5.447932,61.5395707010122,-4.66835060105985
6.7507312,13.942364,9.274304,8.577167,5.758688,61.3785841389862,-4.75417255676357
6.8015408,13.823442,9.331545,8.465489,5.642154,62.7444739799998,-4.40688748849394
6.8306416,14.190118,9.283844,8.735379,5.642154,62.207439235423,-6.11957397945487
6.8890592,13.843262,9.093039,8.484102,5.525621,62.4872610034276,-5.81276316395684
6.9226288,14.011735,9.083499,8.605087,5.564466,62.0345989059022,-6.40515958755234
6.9539904,14.011735,9.093039,8.642313,5.613021,61.4604746902712,-6.27927913667228
6.9841024,14.289220,9.312465,8.800525,5.758688,61.4794808348067,-5.98127445628771
7.0340672,14.011735,9.274304,8.642313,5.797532,60.9446323337587,-4.9388377287161
7.0651024,14.031555,9.322005,8.660927,5.826666,60.903131959596,-4.75335898160327
7.095176,13.982005,9.283844,8.633007,5.807243,60.8530204313231,-4.77463218647389
7.1367424,13.991915,9.350625,8.679540,5.904354,60.1764326365596,-4.31950359575238
7.166424,14.140567,9.398327,8.707459,5.923777,60.7024131086362,-4.50406040779909
7.1976064,14.150477,9.531890,8.735379,5.933488,61.0613278542204,-4.08448104045116
7.227584,14.011735,9.484189,8.521328,5.768399,62.9270446436754,-3.99225040200863
7.2790288,13.972094,9.570051,8.474795,5.758688,63.5282904799252,-3.50821211032327
7.3104384,13.962184,9.617752,8.335197,5.758688,64.6918640427622,-2.96950986222052
7.3415568,14.229759,9.913499,8.567861,5.904354,64.3996960443128,-2.63247844683066
7.3916896,14.120747,9.827637,8.512021,5.855799,64.3119536671104,-2.70287105126063
7.4217056,14.051376,9.799017,8.502715,5.943199,63.34462042656,-2.3044337138285
7.4529968,14.081106,9.655913,8.521328,5.943199,62.7284938574899,-2.92604406278998
7.4953152,13.853172,9.407867,8.400343,5.748977,62.9094532040846,-3.6524987013012
7.5441008,13.863083,9.207522,8.512021,5.729554,61.4079151555349,-4.75234781802563
7.5757264,13.605418,8.988096,8.335197,5.409088,62.9019718221113,-5.69239271076579
7.6280816,13.803622,9.102579,8.456182,5.457643,63.0531450971438,-5.86591254631429
7.657928,14.001825,9.178901,8.512021,5.477066,63.7162012935532,-6.12707813410259
7.6880032,13.872993,9.169361,8.437569,5.447932,63.863045326204,-5.77681575358792
7.7279936,13.833352,9.178901,8.353810,5.457643,64.2732654689767,-5.40236362448771
7.7606352,13.932454,9.302924,8.400343,5.564466,64.1318553417669,-4.90466689411531
7.790216,13.892813,9.283844,8.353810,5.545043,64.3555301431119,-4.83502084384985
7.8342816,13.793711,9.255223,8.279357,5.525621,64.4824499876282,-4.58391923921158
7.8814768,13.863083,9.255223,8.288664,5.554754,64.5052314331841,-4.67093271257233
7.9113392,13.932454,9.484189,8.400343,5.632443,64.4276969991014,-3.99368580606486
7.9440288,13.982005,9.398327,8.344503,5.642154,64.6042611589427,-4.25528701649865
7.9840448,14.011735,9.446028,8.437569,5.622732,64.4069628985298,-4.45297338555224
8.0142048,13.982005,9.541430,8.400343,5.748977,64.0501245901123,-3.48755701451631
8.0454816,13.942364,9.531890,8.344503,5.690710,64.6593801235843,-3.49687462555702
8.0852336,13.991915,9.560511,8.474795,5.680999,64.1287307103166,-3.87024628018509
8.1180768,13.892813,9.465108,8.353810,5.700421,64.0178370799124,-3.60399335588023
8.1591328,13.922544,9.503269,8.391036,5.710132,63.9739815518706,-3.59594548478805
8.1988704,13.882903,9.550970,8.381729,5.768399,63.6567664995214,-3.09333276162236
8.2290928,13.892813,9.484189,8.409649,5.787821,63.069863216448,-3.35713783431743
8.2603296,13.823442,9.512810,8.335197,5.758688,63.6372678397939,-3.00291147767687
8.2928528,13.823442,9.503269,8.325890,5.739266,63.8030830374933,-3.0843062287967
8.3317312,13.942364,9.484189,8.363116,5.700421,64.2485026725656,-3.68009074729189
8.3630736,13.793711,9.550970,8.353810,5.758688,63.5398159992769,-2.83778977783919
8.3953872,13.803622,9.570051,8.363116,5.690710,64.0892137478312,-3.06176084479579
8.4379312,13.625239,9.474649,8.204905,5.690710,64.0423867244134,-2.56416162113605
8.4765296,13.674789,9.474649,8.195598,5.642154,64.6832188856228,-2.84247063392595
8.5052672,13.645059,9.493729,8.232824,5.719843,63.7970899612083,-2.50957665241667
8.5428512,13.694610,9.426947,8.316583,5.748977,62.9015931967238,-2.98097219776466
8.578016,13.664879,9.398327,8.297970,5.700421,63.1316640309489,-3.14062719281971
8.6065008,13.684700,9.407867,8.297970,5.680999,63.4023624294206,-3.22630554588126
8.639208,13.833352,9.388786,8.353810,5.690710,63.4956215682555,-3.76951784268587
8.6880656,13.813532,9.446028,8.270051,5.651866,64.5495612099887,-3.44534493259915
8.7280624,13.813532,9.331545,8.242131,5.496488,65.3924545526939,-4.36605652130826
8.7705952,13.704520,9.436488,8.214211,5.545043,65.2227172175103,-3.45877112903578
8.8229424,13.823442,9.446028,8.251438,5.583888,65.2249914856438,-3.67172285785527
8.8504256,13.793711,9.484189,8.270051,5.622732,64.841859354111,-3.36308914101001
8.8840032,13.853172,9.560511,8.316583,5.603310,65.2335502574563,-3.4199069154392
8.9215424,13.694610,9.283844,8.102532,5.545043,65.3341267895146,-3.71589872911444
8.9528096,13.674789,9.369706,8.149065,5.564466,65.1365752828183,-3.39433449021939
8.9865616,13.872993,9.465108,8.232824,5.583888,65.6592580374841,-3.67896523051384
9.0467136,13.843262,9.493729,8.260744,5.593599,65.3792584441112,-3.53465708670391
9.0757696,13.714430,9.350625,8.130452,5.486777,65.9397776707622,-3.80453931675975
9.1329888,13.526137,9.274304,8.074613,5.496488,65.1156470082461,-3.43418844110801
9.1700992,13.664879,9.531890,8.204905,5.632443,64.8932162923705,-2.66792694543378
9.1979168,13.704520,9.550970,8.195598,5.613021,65.3597561156561,-2.74557545745266
9.2292048,13.773891,9.665453,8.158372,5.661577,66.0731655270184,-2.23655356317134
9.2806224,13.615328,9.665453,8.018773,5.583888,66.987450110973,-1.76105420450272
9.3106112,13.853172,9.875339,8.214211,5.797532,65.9194231834053,-1.34249132789782
9.34168,13.754071,9.894419,8.176985,5.894643,65.1461693571625,-0.589623117418061
9.3854544,13.833352,9.923040,8.344503,6.001466,63.6490197617983,-0.736574827905468
9.4290832,13.645059,9.617752,8.297970,5.855799,62.8851885244102,-1.73798463558125
9.4630176,13.674789,9.579591,8.325890,5.923777,62.1600107432405,-1.77661883493037
9.5072144,13.714430,9.512810,8.418956,5.884932,61.6531619812629,-2.4862983836256
9.5354144,13.625239,9.426947,8.381729,5.826666,61.5646348672799,-2.68904001004338
9.5652416,13.575688,9.417407,8.418956,5.933488,60.2700932722252,-2.30745380251021
9.5966784,13.645059,9.388786,8.623700,6.059732,58.1104015721692,-2.64101483601437
9.636704,13.476586,9.131200,8.800525,6.253954,53.5982817292869,-2.88820334690217
9.6680816,13.268473,8.921315,8.940124,6.438465,49.4301537749248,-2.80942960899795
9.6979712,13.199101,8.892694,9.303080,6.807488,44.0751542276211,-2.32482882600814
9.7403472,13.040539,8.740050,9.824248,7.467843,35.0489775562758,-1.44933896255008
9.7731056,12.644132,8.377521,10.801438,8.409821,19.9204442641636,-0.893019461499783
9.79924,11.920690,7.929130,11.210927,8.837109,9.10281580805761,-0.214692664022877
9.8317504,11.276529,7.595222,11.210927,9.147865,1.97193629011697,1.28051881148293
9.8706032,11.078326,7.433038,11.480817,9.546020,-3.59561664515295,1.88408726262854
9.901768,10.969314,7.471199,11.769321,9.953887,-7.51675371715731,2.8911912627797
9.9327392,10.781021,7.471199,11.964759,10.478287,-12.1169103160091,4.53717573595228
9.9841312,10.543177,7.557061,12.216036,11.051242,-16.8636885031842,6.53405879835443
10.016576,10.335064,7.652463,12.234649,11.352287,-18.9806501012815,8.1977058549804
10.04796,10.067489,7.480739,12.048518,11.488242,-21.3785507481142,9.24091011334959
10.0954432,10.216142,7.623842,12.243956,11.682464,-21.3711959713323,9.36491084038995
10.1353168,10.503536,7.738325,12.327715,11.653331,-19.2495390046424,8.6863208215223
10.1663184,10.592728,7.671544,12.458007,11.595064,-19.437705900404,7.77890025792571
10.2088688,10.681919,7.614302,12.458007,11.488242,-18.7789666573491,7.07737067547474
10.2377056,10.701740,7.633383,12.495233,11.478531,-18.6752479669026,6.96600974930115
10.2692448,10.751291,7.595222,12.346328,11.381420,-17.5116246541508,6.80731007204159
10.3017104,10.771111,7.499819,12.346328,11.158065,-16.9439362808278,5.80346902113713
10.340472,10.731470,7.442578,12.225343,11.119220,-16.7833923611047,5.90543533993785
10.3741728,10.701740,7.433038,12.253263,11.138642,-17.2297084720492,5.9398800791395
10.4130256,10.731470,7.375796,12.206730,11.090087,-16.9575057312809,5.65921576871263
10.4641168,10.880123,7.394877,12.337022,11.012398,-16.2150417304209,4.79991637692243
10.4940912,10.850392,7.366256,12.309102,10.837598,-15.6259885393781,4.31501939430275
10.525296,10.939584,7.375796,12.271876,10.759909,-14.5174011418099,3.97850266874496
10.5664784,10.969314,7.309015,12.216036,10.633665,-13.8855241079923,3.44127154869216
10.596704,10.919763,7.356716,12.206730,10.507420,-13.260016667571,3.33781218507698
10.6266112,10.939584,7.280394,12.216036,10.526842,-13.7263738676876,3.08847672670241
10.6603168,10.979224,7.318555,12.169503,10.468576,-12.7764056833923,3.04186249127253
10.6929664,10.989135,7.242233,12.057825,10.245220,-11.5689951449982,2.33738270547819
10.7404592,11.028775,7.337635,12.048518,10.206376,-10.5461036530828,2.44442348223767
10.7718128,11.197248,7.433038,12.067131,10.099554,-8.58843784144759,1.95659804557787
10.8131408,11.266619,7.394877,12.039211,9.992731,-7.75327445533483,1.39356482786181
10.8428336,11.226979,7.375796,11.964759,9.798509,-6.77264334459683,0.978910853035302
10.8731744,11.207158,7.347176,11.871693,9.740243,-6.30235819900559,0.968177095631358
10.91444,11.266619,7.280394,11.797241,9.643131,-5.48683964237196,0.467603089585001
10.955248,11.345901,7.423497,12.001985,9.633420,-5.178446812347,0.22344641308408
10.9850384,11.405362,7.404417,12.029905,9.662554,-5.23062486732552,0.0484939725208804
11.0200736,11.405362,7.356716,12.011292,9.516887,-4.6852611613475,-0.540276293385283
11.0564752,11.435092,7.366256,11.974065,9.478043,-4.07849484616124,-0.618963958753156
11.0892688,11.425182,7.356716,11.946146,9.507176,-4.19614700995873,-0.464692177645887
11.1189856,11.335990,7.366256,11.815854,9.516887,-4.04670234751158,0.122892250741629
11.1688224,11.385541,7.404417,11.834467,9.546020,-3.78333962552355,0.180616536689936
11.20008,11.415272,7.366256,11.936839,9.575154,-4.49258048508176,-0.164328615256721
11.2302352,11.425182,7.413957,11.946146,9.613998,-4.40347486126116,0.0731446174014287
11.27164,11.385541,7.433038,11.955452,9.604287,-4.51911619611171,0.175945506193209
11.3018256,11.415272,7.375796,11.955452,9.584865,-4.5796399563074,-0.145496651653907
11.341552,11.345901,7.413957,11.853080,9.633420,-4.48920992790329,0.548326735010754
11.3766384,11.335990,7.385337,11.908919,9.555731,-4.60111870869526,0.0902729292868258
11.412776,11.365721,7.404417,11.908919,9.623709,-4.66125176924285,0.304250123541358
11.444504,11.405362,7.347176,11.936839,9.613998,-4.85338723183131,-0.0759595191521107
11.4740848,11.375631,7.328095,11.843773,9.584865,-4.52153718687298,0.0589895926954931
11.5253728,11.425182,7.394877,11.946146,9.594576,-4.41555228696198,-0.0526830470885251
11.5553392,11.296350,7.356716,11.918226,9.594576,-5.23599861614332,0.196431751553895
11.5916624,11.355811,7.309015,11.871693,9.594576,-4.93487666265889,0.00879939407116481
11.63672,11.316170,7.318555,11.890306,9.565443,-5.05592865730003,-0.00532353064593494
11.6890368,11.385541,7.366256,11.899613,9.575154,-4.47665779392346,-0.00476613731355258
11.7329488,11.375631,7.318555,11.871693,9.516887,-4.37489023775409,-0.2630542323162
11.769072,11.425182,7.394877,11.890306,9.497465,-3.64750207105592,-0.238269287786451
11.8006304,11.385541,7.347176,11.853080,9.429487,-3.61738749792637,-0.436470789792303
11.8306224,11.375631,7.356716,11.899613,9.458620,-4.00209246085705,-0.396063033579008
11.8817504,11.504463,7.356716,11.890306,9.410065,-2.97061586749542,-0.840706972338726
11.911736,11.425182,7.375796,11.853080,9.410065,-3.12674221978344,-0.500650410769257
11.941664,11.405362,7.413957,11.806547,9.419776,-2.83465658005439,-0.184005163411268
11.9851712,11.425182,7.375796,11.778627,9.332376,-2.35217892772308,-0.580314690708438
12.0340224,11.454912,7.394877,11.787934,9.342087,-2.16958225155865,-0.578051882029872
12.0653312,11.484643,7.423497,11.769321,9.312954,-1.591916473247,-0.606285816464037
12.1168096,11.524284,7.423497,11.815854,9.254687,-1.30577141848575,-1.0047954643223
12.1477632,11.494553,7.509360,11.741401,9.215843,-0.404275904771062,-0.600602718979147
12.1776976,11.583745,7.452118,11.722788,9.215843,-0.126897191149823,-0.958924672471458
12.217832,11.583745,7.499819,11.694868,9.283820,-0.0630185062336786,-0.50883251573698
12.249272,11.613475,7.499819,11.787934,9.206132,0.0259809457333073,-1.05789953001612
12.2792,11.484643,7.442578,11.666949,9.176998,-0.255564474116282,-0.750279403730413
12.3115008,11.534194,7.480739,11.694868,9.176998,0.0992265480657686,-0.80835082703404
12.3517392,11.494553,7.413957,11.657642,9.138154,-0.112601948280236,-0.9772499918123
12.3831408,11.554014,7.461658,11.704175,9.157576,0.155792797814531,-1.00610343700884
12.4131088,11.514373,7.471199,11.713481,9.244976,-0.514799110523422,-0.611215851611167
12.4554992,11.623385,7.471199,11.787934,9.196420,-0.029832089205815,-1.20861406325566
12.4855136,11.603565,7.509360,11.694868,9.235265,0.353339680373564,-0.685193241400004
12.5154496,11.613475,7.499819,11.722788,9.206132,0.361694571592524,-0.903391316220954
12.54804,11.603565,7.528440,11.778627,9.244976,-0.0201963202916158,-0.788947077232649
12.5867472,11.573834,7.490279,11.694868,9.186709,0.328006983765592,-0.838849882178863
12.6405776,11.554014,7.490279,11.704175,9.176998,0.217732958892011,-0.846087530855979
12.689272,11.633295,7.528440,11.713481,9.303243,0.182874632010703,-0.512468110428635
12.7194,11.583745,7.518900,11.732095,9.264398,-0.0467065861792424,-0.598636390747913
12.7590576,11.524284,7.537980,11.648336,9.254687,0.206645422878752,-0.225578545243696
12.795344,11.504463,7.490279,11.685562,9.342087,-0.818544694291697,-0.136113276304126
12.8442272,11.563924,7.461658,11.722788,9.235265,-0.285370475751183,-0.815508088187126
12.8733552,11.573834,7.509360,11.722788,9.312954,-0.358429037076673,-0.424001987373291
12.9065392,11.583745,7.518900,11.760014,9.312954,-0.439355852680819,-0.504729622980598
12.950288,11.593655,7.557061,11.815854,9.293532,-0.354404512171962,-0.599068144161684
12.9951584,11.524284,7.480739,11.769321,9.303243,-0.990496575793347,-0.543432680177119
13.0266224,11.415272,7.442578,11.732095,9.342087,-1.83790953879131,-0.191487218110737
13.066592,11.514373,7.480739,11.750708,9.332376,-1.10069011372681,-0.379150045569563
13.0967568,11.544104,7.423497,11.787934,9.351798,-1.54678984557086,-0.663629760562827
13.1279184,11.494553,7.452118,11.853080,9.342087,-1.94857627600953,-0.638197404117143
13.1788224,11.484643,7.471199,11.750708,9.332376,-1.32409901345623,-0.33966387017842
13.2092656,11.514373,7.413957,11.778627,9.312954,-1.52436245787558,-0.730968258441504
13.241392,11.514373,7.537980,11.750708,9.351798,-0.875249029378557,-0.12646321766066
13.2941952,11.534194,7.490279,11.797241,9.390643,-1.46921677536442,-0.313800494259119
13.3217904,11.504463,7.452118,11.750708,9.371220,-1.51857539213066,-0.321737285138688
13.3517808,11.524284,7.509360,11.787934,9.342087,-1.12200302609949,-0.36508743210479
13.3852752,11.474733,7.452118,11.760014,9.283820,-1.28817260688388,-0.562110667423319
13.4244672,11.534194,7.452118,11.787934,9.390643,-1.63851532189728,-0.417309611612662
13.4591344,11.514373,7.471199,11.741401,9.312954,-1.0077158886006,-0.4526539982188
13.499408,11.435092,7.423497,11.778627,9.303243,-1.87303897638888,-0.542374685351593
13.5354992,11.474733,7.433038,11.769321,9.410065,-2.08998039253122,-0.229970778703404
13.5667488,11.464823,7.461658,11.787934,9.332376,-1.68181999003805,-0.412773911165406
13.5967696,11.514373,7.471199,11.825160,9.342087,-1.58497019760762,-0.555939778403559
13.6393248,11.504463,7.499819,11.769321,9.390643,-1.44150408212173,-0.144995397594922
13.668152,11.524284,7.461658,11.853080,9.371220,-1.87336451214181,-0.581182162820337
13.6993968,11.365721,7.413957,11.741401,9.342087,-2.33376864268215,-0.189626306862305
13.7407056,11.375631,7.375796,11.741401,9.322665,-2.39675612557596,-0.404620773716498
13.7806896,11.484643,7.461658,11.778627,9.342087,-1.57092103089509,-0.405776904742901
13.8117904,11.524284,7.471199,11.806547,9.332376,-1.38411661990866,-0.567304646882
13.8428576,11.563924,7.509360,11.825160,9.312954,-0.938734378811153,-0.643831379277103
13.9093536,11.504463,7.576141,11.713481,9.312954,-0.325295198789158,-0.0160058378787191
13.9429344,11.563924,7.499819,11.797241,9.342087,-0.998948136307487,-0.51295970509247
13.9852384,11.593655,7.566601,11.797241,9.351798,-0.503287698149679,-0.331995316304958
14.0278096,11.524284,7.557061,11.760014,9.283820,-0.410435931832598,-0.33337078455714
14.055336,11.563924,7.537980,11.750708,9.293532,-0.296211021990068,-0.436553908198327
14.1105616,11.563924,7.518900,11.769321,9.400354,-1.04582033331375,-0.192131499168767
14.1479648,11.563924,7.442578,11.778627,9.351798,-1.27811220370135,-0.625556478693614
14.1765968,11.534194,7.547521,11.797241,9.332376,-0.847611927653452,-0.317173284345444
14.2114352,11.534194,7.509360,11.787934,9.361509,-1.16499289265807,-0.324725272710555
14.2576528,11.583745,7.423497,11.797241,9.342087,-1.31937721095477,-0.811981631163174
14.2880704,11.524284,7.452118,11.760014,9.361509,-1.40371183046076,-0.42329677439556
14.3206032,11.494553,7.499819,11.862387,9.390643,-1.97142685612122,-0.343097945769451
14.3591152,11.504463,7.433038,11.797241,9.380932,-1.91425713375323,-0.463650734646144
14.3906784,11.464823,7.433038,11.778627,9.361509,-1.94639805449011,-0.388854066174506
14.4217392,11.405362,7.433038,11.778627,9.283820,-1.88917066950935,-0.504047483211636
14.4617584,11.445002,7.385337,11.769321,9.390643,-2.43374599932107,-0.380653012540172
14.4928432,11.454912,7.442578,11.815854,9.400354,-2.33607896271175,-0.294327039819017
14.526704,11.593655,7.480739,11.853080,9.361509,-1.32231569486469,-0.714698368150192
14.5843696,11.474733,7.480739,11.778627,9.400354,-1.81602266080206,-0.127045163788889
14.6155072,11.544104,7.490279,11.806547,9.371220,-1.36145841711465,-0.423433983227067
14.6453808,11.544104,7.433038,11.806547,9.390643,-1.78546317387172,-0.548069066808512
14.6765984,11.474733,7.461658,11.825160,9.439198,-2.35879644553762,-0.173105817946471
14.7168128,11.494553,7.480739,11.713481,9.429487,-1.51955853509329,0.0772319198641611
14.7467568,11.474733,7.499819,11.676255,9.419776,-1.28387343889609,0.244890989950985
14.7779296,11.474733,7.547521,11.787934,9.487754,-1.92813237645582,0.356228050871096
14.8181808,11.464823,7.452118,11.778627,9.448909,-2.28268637006239,-0.0377731702156581
14.8491504,11.464823,7.461658,11.815854,9.429487,-2.31874094368962,-0.159197775441857
14.8790512,11.484643,7.442578,11.778627,9.448909,-2.22406962163842,-0.116517303443739
14.911672,11.425182,7.461658,11.815854,9.400354,-2.39689750712276,-0.16042443622846
14.9618016,11.534194,7.452118,11.825160,9.468332,-2.22246025689594,-0.250325931105792
14.9956752,11.504463,7.490279,11.787934,9.419776,-1.73896401323934,-0.124998170425631
15.0328336,11.534194,7.452118,11.797241,9.351798,-1.48787750601455,-0.567611713695072
