0.0340336,8.451871,10.977415,8.037947,11.734674,-1.6558382645524,0.243016918215275
0.0635888,8.451871,10.948791,8.065873,11.744383,-2.02124146195229,0.102673420632584
0.0938,8.560840,10.939249,8.112416,11.695842,-1.45701501155707,-0.561279745560416
0.14624,8.550933,11.015581,8.093799,11.705550,-1.04022026796008,-0.254778016027402
0.1751984,8.570746,11.063288,8.075182,11.744383,-0.777792239170746,-0.047308988543513
0.2338784,8.531121,11.025122,8.037947,11.715258,-0.844488559114578,0.0457307343925741
0.2765312,8.531121,11.044205,7.972787,11.608469,0.20750829720051,0.0499598143915634
0.307808,8.481590,11.015581,7.926245,11.579345,0.193566798824832,0.232581209370171
0.3536704,8.521215,11.034663,8.056565,11.627885,-0.469066700488033,-0.174164760552216
0.3889472,8.531121,11.006039,7.991405,11.589053,0.000666589226310771,-0.154274696828576
0.4186864,8.620277,11.025122,8.131033,11.559929,-0.0104683962503992,-0.944823408736603
0.4540224,8.491496,11.015581,8.056565,11.627885,-0.739537238944458,-0.121215433673971
0.491552,8.521215,11.025122,8.075182,11.686134,-0.943768223692159,-0.117174451776989
0.5227728,8.501402,10.977415,8.065873,11.686134,-1.26733165352522,-0.136453260375056
0.5525632,8.521215,11.034663,8.112416,11.754091,-1.46561094684044,-0.0523537775036615
0.603792,8.481590,10.967873,8.065873,11.792923,-2.01420344320784,0.168141637760723
0.6338416,8.392434,10.996498,8.121724,11.841464,-2.91903655675148,0.468079185730765
0.6637856,8.461777,11.025122,8.131033,11.812339,-2.2660593407023,0.202925945472785
0.7100128,8.471684,10.996498,8.093799,11.812339,-2.1678094559902,0.224828887172254
0.7452224,8.550933,11.082371,8.168267,11.880296,-2.02531111564216,0.0850509201266334
0.7763984,8.511309,11.044205,8.112416,11.841464,-1.94263163235742,0.216667859968169
0.8252384,8.521215,11.006039,8.075182,11.754091,-1.42110215407416,0.00237062384349329
0.870072,8.491496,10.977415,8.075182,11.744383,-1.69198336212711,0.00830140471551388
0.9001728,8.501402,11.082371,8.065873,11.763799,-1.11043601180403,0.309679215498956
0.9413568,8.541027,11.053746,8.112416,11.734674,-1.14469111343114,-0.119372259332028
0.9700672,8.471684,11.044205,8.065873,11.705550,-1.16787225020655,0.174455300563412
1.001032,8.541027,10.958332,8.093799,11.695842,-1.35928247592826,-0.385888963687758
1.0326752,8.501402,10.958332,8.075182,11.627885,-1.10489348062999,-0.357886337912589
1.0825536,8.560840,10.996498,8.103107,11.676426,-0.982609046134648,-0.437200635530747
1.1125136,8.511309,11.015581,8.010022,11.627885,-0.373398999010071,-0.0313081769538393
1.1461728,8.511309,11.091912,8.019330,11.637593,-0.0558463888857733,0.148217694523566
1.1938416,8.580652,11.168243,8.065873,11.695842,0.170054116402236,0.0880503858794697
1.2351904,8.580652,11.063288,8.047256,11.657010,-0.0916221829891274,-0.200552905229532
1.2674592,8.570746,11.025122,8.075182,11.715258,-0.82923067212509,-0.211655977021632
1.316264,8.481590,11.072829,8.019330,11.676426,-0.539301765140389,0.29646728822528
1.3477024,8.531121,11.110995,8.075182,11.773507,-0.892191859086013,0.272096921883232
1.3778064,8.521215,11.120536,8.084490,11.773507,-0.944955616556949,0.297255651331685
1.4227936,8.511309,10.986956,8.075182,11.695842,-1.26347881221812,-0.153704307051282
1.4714384,8.521215,11.158702,8.028639,11.831756,-0.747892102460821,0.717640060216315
1.5137152,8.570746,11.158702,8.065873,11.792923,-0.467079892631595,0.333479866336845
1.5689104,8.550933,11.130078,8.010022,11.734674,-0.109416600919736,0.376038165803827
1.6038688,8.550933,11.139619,8.065873,11.851172,-0.997735088745305,0.494347491807925
1.6363504,8.471684,11.034663,8.065873,11.715258,-1.27394395978428,0.174862471177924
1.6727344,8.461777,10.986956,8.019330,11.627885,-0.858825451003864,0.0338921434342403
1.7077856,8.481590,10.958332,8.093799,11.676426,-1.58347736709473,-0.234406814156074
1.745232,8.511309,11.034663,8.093799,11.792923,-1.63054321596417,0.13771864991639
1.7949984,8.550933,10.948791,8.084490,11.627885,-0.933803817432334,-0.578681825907747
1.8265024,8.451871,10.948791,8.084490,11.695842,-1.85762275627577,-0.0790147944431254
1.8800432,8.560840,10.967873,8.037947,11.773507,-1.31570487791937,-0.0514651712322589
1.9077872,8.541027,11.120536,8.065873,11.763799,-0.681309213762043,0.269692697911911
1.9388384,8.511309,11.082371,8.047256,11.715258,-0.68846932540562,0.220726878068813
1.96772,8.491496,11.063288,8.028639,11.724966,-0.854755238865778,0.32696836944562
2.0186688,8.560840,11.044205,8.112416,11.734674,-1.08796660075742,-0.208808999162034
2.0486384,8.531121,11.015581,8.075182,11.724966,-1.15425087989775,-0.0786776466656711
2.0800448,8.521215,11.053746,8.093799,11.705550,-0.993499484326766,-0.0620080970931518
2.1201728,8.531121,11.101453,8.065873,11.734674,-0.681924939518846,0.185671321217175
2.1713648,8.570746,11.082371,8.103107,11.724966,-0.719100319814252,-0.141348482653395
2.20268,8.580652,11.091912,8.075182,11.773507,-0.724521647425084,0.0602152592834919
2.2426944,8.580652,11.063288,8.084490,11.744383,-0.774018593661601,-0.111469359983676
2.2726352,8.550933,11.082371,8.056565,11.715258,-0.520751607896262,0.0567189449387264
2.3038736,8.580652,11.082371,8.093799,11.724966,-0.613720674803007,-0.143342268802854
2.3365104,8.550933,11.053746,8.103107,11.734674,-1.0391999502356,-0.12136836639672
2.3851968,8.550933,11.006039,8.047256,11.608469,-0.304929752356163,-0.360709953553105
2.416544,8.570746,11.025122,8.037947,11.676426,-0.412365156014384,-0.182156975960961
2.4661552,8.541027,10.977415,8.065873,11.705550,-1.15370956347888,-0.221709535557203
2.5179152,8.560840,11.034663,8.112416,11.657010,-0.716242598496292,-0.422272225948237
2.551216,8.541027,11.091912,8.065873,11.705550,-0.520575495069779,0.0583131919889475
2.5901056,8.560840,11.101453,8.065873,11.695842,-0.305684355432697,-0.00838407154530074
2.6313792,8.511309,11.072829,8.028639,11.695842,-0.53266852327698,0.212610670969891
2.6600384,8.541027,11.053746,8.056565,11.666718,-0.46731806119145,-0.0986344625171256
2.6915408,8.560840,11.053746,8.047256,11.773507,-0.891611413419929,0.126905234498331
2.7325328,8.580652,11.034663,8.112416,11.763799,-1.18999886377758,-0.227071395057973
2.7739024,8.580652,11.053746,8.056565,11.724966,-0.567855569875393,-0.0888523708227993
2.806552,8.521215,11.034663,8.037947,11.705550,-0.793294385748143,0.078570591782416
2.8538768,8.570746,11.072829,8.028639,11.715258,-0.311137854647153,0.0606123123787548
2.8865712,8.491496,11.101453,8.084490,11.744383,-1.05536354072563,0.279665597434285
2.915112,8.580652,11.025122,8.047256,11.705550,-0.568480349041469,-0.175155547285144
2.9650208,8.531121,11.072829,8.028639,11.608469,0.0573619984042343,-0.0676753243176051
2.9961632,8.630183,11.091912,8.093799,11.695842,-0.129808632551625,-0.356173421565863
3.0276256,8.580652,11.158702,8.121724,11.695842,-0.187766827711032,-0.121408836364914
3.071064,8.610371,10.996498,8.065873,11.676426,-0.504841626109201,-0.478268485758495
3.0987264,8.521215,11.034663,8.037947,11.608469,-0.259710582670203,-0.159338272871619
3.1289152,8.541027,11.006039,8.028639,11.666718,-0.57781589213236,-0.121884471823464
3.1637984,8.481590,10.996498,8.112416,11.608469,-1.10069618560309,-0.370167498732243
3.2115856,8.590558,11.053746,8.093799,11.705550,-0.610714283465673,-0.293699549692256
3.2428064,8.620277,11.063288,8.084490,11.715258,-0.396774132170342,-0.314686702532427
3.2715552,8.521215,11.053746,8.037947,11.666718,-0.474598716234098,0.0302671773832515
3.321184,8.521215,11.044205,8.075182,11.676426,-0.784947859330427,-0.0942208590948184
3.3528208,8.521215,11.139619,8.047256,11.744383,-0.477506088305315,0.397578250081924
3.3974448,8.590558,11.072829,8.075182,11.705550,-0.403777357593387,-0.18494767112362
3.4438896,8.610371,11.034663,8.093799,11.686134,-0.500488036769986,-0.453989327786601
3.473784,8.550933,11.034663,8.028639,11.705550,-0.577868580248067,0.0100883156813545
3.5051504,8.550933,11.044205,8.065873,11.744383,-0.941592344407994,0.00351098952431883
3.5549952,8.580652,11.025122,8.149650,11.676426,-0.969264916135567,-0.588229195354881
3.585104,8.550933,11.082371,8.112416,11.676426,-0.613888475944827,-0.22481660907841
3.6163728,8.580652,11.044205,8.093799,11.676426,-0.558584376688021,-0.355274982457711
3.660008,8.580652,11.015581,8.103107,11.676426,-0.767542706827423,-0.456514757872974
3.6902064,8.501402,11.015581,8.093799,11.715258,-1.36764435714525,-0.0652336510002414
3.7215376,8.610371,11.006039,8.084490,11.657010,-0.447795030523808,-0.56465420487811
3.7589856,8.541027,11.025122,8.028639,11.657010,-0.418818999491787,-0.0988916094630454
3.8014064,8.481590,10.967873,8.065873,11.550220,-0.683159934329707,-0.428155876374227
3.8324928,8.521215,10.967873,8.000713,11.550220,-0.102669809047309,-0.342195343113413
3.8686976,8.590558,11.025122,8.037947,11.579345,0.231405048825015,-0.487017338466799
3.9125296,8.669808,11.091912,8.084490,11.657010,0.351118448930793,-0.551954157321202
3.9439248,8.481590,11.082371,8.047256,11.676426,-0.639867361831366,0.225815087052858
3.974848,8.550933,11.063288,8.065873,11.657010,-0.357742188944857,-0.16339892373108
4.0263952,8.570746,11.082371,8.065873,11.744383,-0.621781879697166,0.0302971363013143
4.0762256,8.560840,11.101453,8.084490,11.744383,-0.672930244812871,0.0476529416696927
4.1114048,8.580652,11.044205,8.028639,11.744383,-0.573896598500223,0.0286637790346163
4.157696,8.501402,11.120536,8.131033,11.773507,-1.30760463360629,0.20788808321079
4.18784,8.570746,11.091912,8.065873,11.783215,-0.781223050051296,0.147973768216691
4.2216064,8.541027,11.006039,8.112416,11.734674,-1.40855439703685,-0.235954690121588
4.2600208,8.491496,11.015581,8.103107,11.695842,-1.36735366909934,-0.110757029071618
4.2939888,8.541027,10.977415,8.075182,11.618177,-0.725468087416267,-0.467692549127914
4.3212976,8.550933,10.986956,8.047256,11.705550,-0.943935081098441,-0.169123954758028
4.3627552,8.521215,11.015581,8.010022,11.589053,-0.104229883803817,-0.160109124304366
4.3928784,8.570746,11.034663,7.991405,11.589053,0.378157487878693,-0.217100716564552
4.4262592,8.600465,11.015581,8.047256,11.618177,-0.0319026296632759,-0.479216971839222
4.466088,8.600465,11.025122,8.065873,11.608469,-0.0282909807277206,-0.541860358838786
4.5049024,8.491496,10.948791,7.991405,11.472556,0.108557631299476,-0.450224929716857
4.5362192,8.481590,10.910625,8.047256,11.472556,-0.46962814618703,-0.700122316710093
4.566192,8.541027,10.958332,7.972787,11.627885,-0.320681597151917,-0.146792825985504
4.6164096,8.560840,10.948791,8.019330,11.657010,-0.680760766195781,-0.321691202131895
4.6488752,8.590558,10.929708,8.028639,11.559929,-0.137805254940579,-0.739489534935082
4.6899376,8.550933,10.996498,8.037947,11.569637,-0.0923042240787474,-0.4486816494219
4.7302432,8.570746,11.044205,8.010022,11.676426,-0.15355549022629,-0.0418255103208658
4.7615584,8.590558,11.082371,8.075182,11.676426,-0.191764155850815,-0.23279827360928
4.7940432,8.570746,11.091912,8.047256,11.627885,0.171595932805787,-0.168624665604284
4.8379264,8.590558,11.025122,7.972787,11.608469,0.430435827722933,-0.196837812144032
4.8728128,8.580652,11.053746,8.010022,11.598761,0.381618519350293,-0.2420782003427
4.902808,8.560840,11.063288,8.028639,11.676426,-0.205245398936707,-0.0243472578218196
4.9365952,8.511309,11.063288,8.028639,11.579345,0.0558205178367961,-0.0959866333136752
4.9737712,8.560840,10.929708,8.028639,11.589053,-0.463561071432879,-0.567702870964553
5.016288,8.550933,11.015581,8.056565,11.666718,-0.623546316172739,-0.225347150926787
5.0451056,8.590558,11.072829,8.075182,11.618177,0.0754282050708097,-0.398810381412105
5.0965248,8.541027,11.034663,8.010022,11.589053,0.111067819886732,-0.179797459852388
5.1266544,8.531121,10.986956,8.019330,11.627885,-0.473558113659625,-0.199615812396612
5.1587792,8.580652,11.101453,8.037947,11.608469,0.436764705363749,-0.194809554233846
5.1976784,8.580652,11.091912,8.047256,11.589053,0.439981447457353,-0.296959791490785
5.233728,8.580652,10.958332,8.019330,11.579345,-0.0898960700744679,-0.556191937881866
5.2690384,8.511309,10.967873,8.084490,11.559929,-0.674078902460691,-0.566560258495926
5.322584,8.531121,10.977415,8.000713,11.598761,-0.263130284484444,-0.232202298021427
5.370304,8.491496,10.948791,8.056565,11.618177,-1.05739939186231,-0.30949225406097
5.4016512,8.560840,10.986956,8.028639,11.657010,-0.520405228984741,-0.259053289621644
5.4516464,8.521215,11.006039,8.010022,11.647301,-0.478350792212466,-0.0403955745678708
5.4828336,8.531121,11.025122,8.065873,11.618177,-0.464850243725389,-0.285894808468136
5.5228672,8.531121,10.958332,8.065873,11.734674,-1.47392754768493,-0.163891956771693
5.5653344,8.461777,10.891542,8.252044,12.084166,-5.12121496848777,0.134497425606718
5.5967296,8.362715,10.700713,8.317204,12.093874,-7.1509594493244,-0.192687767339823
5.6277728,8.263653,10.586216,8.363747,12.132707,-8.81990339941442,-0.202218066404729
5.667416,8.233934,10.586216,8.354439,12.152123,-9.04367195948801,-0.0240013892561883
5.7000144,8.303278,10.576675,8.391673,12.122999,-8.74358375066171,-0.475039457919006
5.7274784,8.323090,10.624382,8.289279,12.093874,-7.66257364783538,-0.153538372945391
5.761424,8.392434,10.700713,8.279970,11.987085,-6.21675907649862,-0.428934168918673
5.8013568,8.451871,10.824752,8.307896,12.161831,-6.25858641417959,0.00819701339678147
5.8311696,8.412246,10.796128,8.317204,12.093874,-6.33186641061806,-0.125268428409417
5.87008,8.412246,10.777045,8.214810,11.996793,-5.37710219780032,-0.0667808411426734
5.9215344,8.541027,11.006039,8.177576,11.851172,-2.39474431922965,-0.168932290560019
5.9552976,8.699527,11.416321,7.805233,11.414307,5.17353004669934,0.481854516596869
6.0073968,8.996714,11.922016,7.628370,11.142480,11.956623010856,0.644379633082281
6.043808,9.977431,13.782595,6.967462,10.268750,34.6923762160799,1.90973666139634
6.077576,10.165649,14.002048,6.771982,10.055172,39.0068136979042,1.94693452409794
6.1050944,10.225086,14.068838,6.418257,9.501810,45.3226238841105,1.78627967761253
6.1564496,10.185461,14.202418,5.962137,8.919323,52.6511552267218,2.39465243509709
6.1875168,10.502461,14.564992,5.999371,8.822242,55.8501299786631,1.82648989222583
6.2177472,10.433117,14.526827,5.850434,8.560123,58.2518056161783,1.84822860992094
6.2578592,10.532179,14.564992,5.757349,8.404794,60.5427764039571,1.54644870578758
6.3110768,10.532179,14.593617,5.552560,8.162091,63.8470046004665,1.7283750158888
6.3514416,10.472742,14.421871,5.478092,7.851432,65.7445118864338,1.00470576059356
6.3901504,10.760023,14.507744,5.524634,7.715518,67.8621935532714,-0.27065717463984
6.4216512,10.888804,14.526827,5.487400,7.589313,69.6404816171218,-0.851927549590791
6.4616576,10.958147,14.822611,5.533943,7.696102,69.8935551353916,-0.240078138748565
6.5128976,11.047303,15.080230,5.533943,7.744642,70.8333254053725,0.211026801494707
6.5428256,11.096834,15.356931,5.580486,7.890264,70.6437311668417,0.908063310104268
6.5740048,11.067116,15.356931,5.468783,7.987345,70.6400507971936,1.61069558306732
6.6239984,10.690679,15.099312,5.245377,7.802891,71.2677614238515,2.59590135349347
6.664896,10.799648,15.147020,5.319846,7.764059,71.5891927560706,1.98529335831334
6.695144,10.839273,14.927567,5.366389,7.705810,71.0038867059692,1.01509205540865
6.7527408,10.898710,15.022981,5.440857,7.705810,71.0339731793395,0.792033524122719
6.798936,10.977960,14.813070,5.403623,7.521356,72.187279642447,-0.32322606492956
6.8287376,11.027491,14.832152,5.385006,7.472815,72.9437803326325,-0.501644249249807
6.8700864,10.987866,14.889401,5.366389,7.540772,72.6412112756666,0.00761166534148217
6.9001744,11.235522,15.137478,5.440857,7.628145,73.2669022198986,-0.251617926327658
6.9428448,11.285053,15.242434,5.552560,7.715518,72.3755221512511,-0.31890818003
6.9824768,10.948241,14.898942,5.440857,7.550480,71.9034460135564,-0.0630341679768414
7.0123408,10.799648,14.545910,5.319846,7.404859,72.0132381751169,-0.389943524522931
7.0439792,10.680773,14.545910,5.282612,7.395151,71.9163583063532,0.126753831245381
7.087728,10.839273,14.698572,5.263995,7.443691,72.8691644960693,0.149199745711613
7.115136,11.106741,14.870318,5.468783,7.453399,72.8993207385627,-1.0055465988303
7.1451552,11.047303,14.774904,5.366389,7.453399,73.089119436984,-0.697458943523255
7.177928,10.987866,14.813070,5.385006,7.521356,72.363009590061,-0.293626219850957
7.2202656,10.968053,14.889401,5.431549,7.550480,72.0108112276024,-0.122311151388651
7.2602688,10.918522,14.851235,5.366389,7.531064,72.3130956821375,0.12504842901107
7.2890368,11.027491,15.080230,5.329154,7.531064,73.841424493781,0.446379000362665
7.3402672,10.938335,14.994357,5.319846,7.589313,72.8319718447465,0.713692806255636
7.3701184,10.839273,15.013440,5.263995,7.540772,73.3149089935328,1.17220364160339
7.4014208,10.908616,15.013440,5.291920,7.521356,73.5080531421005,0.790557185982486
7.45152,10.888804,15.003898,5.338463,7.531064,72.9790811822218,0.699497474488727
7.4814272,10.868991,14.879860,5.310537,7.424275,73.4542065854577,0.291414067032733
7.5128992,10.948241,15.099312,5.338463,7.608729,72.9739003986684,0.921110749265644
7.5529072,10.859085,15.070688,5.254686,7.599021,73.2344805728,1.41901578828271
7.6052928,10.680773,14.727197,5.180217,7.453399,72.9409324133781,1.08661026411087
7.6339984,10.779835,14.908484,5.217452,7.531064,73.1252653672396,1.25565301654867
7.6750944,10.898710,15.118395,5.347772,7.589313,72.9365752868462,1.05739164419879
7.7051024,10.750116,14.813070,5.236069,7.501940,72.735451005125,0.985684148173981
7.7349792,10.868991,14.870318,5.319846,7.569896,72.2568543885737,0.597251000402249
7.7687136,10.809554,14.918025,5.319846,7.589313,72.067999855268,0.967006017757914
7.8102768,10.760023,14.918025,5.310537,7.608729,71.8068392037621,1.21736194754351
7.8379152,10.928429,15.061147,5.422240,7.705810,71.4235615572976,0.847425421724051
7.8753008,10.651054,14.841694,5.310537,7.637853,70.8899593104522,1.47799130898711
7.9279072,10.690679,14.746280,5.291920,7.657269,70.6720068472861,1.21759176807827
7.9601408,10.700585,14.870318,5.245377,7.618437,71.8184172450532,1.55488833754227
7.9899424,10.799648,15.118395,5.357080,7.754351,71.2797286308668,1.76513112033611
8.0326112,11.007678,15.395097,5.459474,7.958221,70.8389081030899,1.86256948788414
8.062776,10.779835,15.137478,5.375697,7.822307,70.6406047714,1.97923671690887
8.0951424,10.700585,15.051605,5.329154,7.793183,70.5784703441793,2.13372658517763
8.1465968,10.769929,15.185185,5.347772,7.987345,69.7799631902341,2.61799893963006
8.1757728,10.680773,15.166102,5.329154,7.841723,70.5763177360399,2.59460732763488
8.2188752,10.433117,15.032522,5.161600,7.812599,70.594308159265,3.65084810222626
8.2513872,10.433117,15.013440,5.142983,7.764059,71.0238783649385,3.55353411686455
8.2876464,10.641148,15.280600,5.189526,7.890264,71.5268170304351,3.6036120319561
8.318872,10.651054,15.213810,5.301229,7.851432,70.7776305303387,2.93090453304882
8.3489744,10.611429,15.204268,5.282612,7.870848,70.5875874839472,3.15596730647072
8.407848,10.621335,15.156561,5.254686,7.899972,70.4368517300799,3.17406779519539
8.4391184,10.551992,15.137478,5.319846,7.919388,69.4816492094518,3.189375052082
8.4704448,10.482648,15.204268,5.198835,7.919388,70.3630250456759,4.01180324744339
8.5239936,10.512367,15.404638,5.142983,7.929096,71.5660662369697,4.59931088267015
8.561664,10.581711,15.366473,5.254686,7.919388,70.9313770138812,3.85582779688449
8.5989264,10.413305,15.013440,5.180217,7.764059,70.6698665606638,3.49205542370362
8.6539152,10.413305,14.946650,5.180217,7.802891,70.1248340122552,3.42449560326302
8.6849184,10.532179,14.898942,5.282612,7.890264,68.9873321471199,2.74440011189144
8.7376064,10.472742,14.631782,5.273303,7.666978,69.4628584659212,1.78351198507463
8.7649904,10.492554,14.650865,5.291920,7.725226,69.0374485481951,1.84016338062506
8.7951456,10.492554,14.641324,5.282612,7.725226,69.0701269729497,1.84919918436353
8.8287744,10.482648,14.631782,5.282612,7.744642,68.8495844278206,1.9083380268128
8.8877984,10.294430,14.517285,5.152292,7.637853,69.4568202260192,2.48686155674458
8.9176528,10.363773,14.746280,5.226760,7.734934,69.3235374088349,2.78160179604586
8.9625968,10.314242,14.708114,5.087132,7.744642,69.9621757472238,3.38418193966061
8.9974208,10.254805,14.650865,5.189526,7.744642,68.735045370761,3.09031373481706
9.0288336,10.215180,14.545910,5.170909,7.773767,68.0881101303382,3.11159834606006
9.0587216,10.126024,14.479120,5.282612,7.832015,66.1923656681294,3.00985755816436
9.1114816,10.155743,14.335998,5.263995,7.773767,66.315957679491,2.47021514830339
9.1427952,10.017055,14.097462,5.263995,7.764059,64.8620938671371,2.34565831998921
9.185232,10.026962,13.954341,5.282612,7.822307,63.7338815269348,2.02777569645146
9.23396,10.126024,13.887551,5.608411,8.132967,59.1446388429551,1.129163647282
9.265144,9.987337,13.620391,5.915594,8.569832,52.0863184547975,0.964267886367555
9.2951408,10.017055,13.524977,5.962137,8.754286,50.1833630354398,0.921047360380445
9.3574016,9.749587,12.971574,6.557885,9.569767,36.9851726141766,0.441507772652525
9.3861008,9.313713,12.255966,6.958154,10.074588,25.6855172353456,0.0409298687289521
9.4211184,8.917464,11.826602,7.051239,10.326999,19.355138497902,0.643684293913875
9.4575648,8.699527,11.597608,7.200176,10.715323,13.7338467544297,1.28114221465097
9.4886896,8.749058,11.664398,7.256028,10.802696,13.4914187285981,1.29661265356692
9.5187936,8.768871,11.626232,7.386348,11.006566,11.41575580261,1.18646390238652
9.560144,8.758964,11.530818,7.479433,11.064815,9.97166163086248,0.810624767430365
9.5916224,8.659902,11.406779,7.665605,11.239561,6.6928570717214,0.63814801538695
9.6214224,8.719339,11.187326,7.684222,11.307518,5.33257723676914,0.000310427196929197
9.6616208,8.640090,11.091912,7.721456,11.288102,4.27754253511374,-0.141679722571581
9.6999808,8.580652,10.872459,7.842467,11.365766,1.61159028167392,-0.704585518170344
9.7310976,8.610371,10.834293,7.926245,11.424015,0.767136226411185,-1.03812211742355
9.7614656,8.550933,10.786586,7.916936,11.482264,-0.104430917013266,-0.77952044949912
9.8253824,8.541027,10.815211,7.907627,11.462847,0.160707139498449,-0.691440635000735
9.8628976,8.511309,10.729338,7.861085,11.482264,-0.335975956467177,-0.598998033749858
9.8988272,8.541027,10.767503,7.963479,11.501680,-0.634262545164417,-0.902534798049501
9.9441392,8.461777,10.738879,8.000713,11.647301,-2.25278556474157,-0.468630448358677
9.9750848,8.541027,10.662548,8.084490,11.618177,-2.53698067065492,-1.28103937415156
10.0148736,8.481590,10.738879,8.065873,11.569637,-2.07224901559105,-0.949062991235245
10.0575568,8.471684,10.662548,8.093799,11.627885,-3.03290960446613,-1.05495646777847
10.087568,8.461777,10.653006,8.075182,11.666718,-3.25383728650338,-0.885669150670111
10.1313216,8.451871,10.691172,8.112416,11.676426,-3.35098334138232,-0.858278769459396
10.1802272,8.481590,10.757962,8.121724,11.627885,-2.59196340744975,-0.943994444238438
10.2100832,8.531121,10.710255,8.075182,11.647301,-2.43294052126126,-1.02453139913533
10.2401232,8.600465,10.767503,8.028639,11.569637,-1.03930997215958,-1.15199730755544
10.2839712,8.560840,10.939249,7.954170,11.491972,0.540186325778939,-0.534066567862183
10.3138432,8.620277,10.901083,7.954170,11.462847,0.820451837434267,-0.90159439962515
10.3427296,8.649996,10.872459,8.000713,11.472556,0.513375594937048,-1.20476239472024
10.3790912,8.659902,10.862918,8.028639,11.472556,0.360273445890639,-1.35522121158183
10.4139552,8.531121,10.824752,7.991405,11.433723,-0.146324263944687,-0.990177457399067
10.4649824,8.550933,10.891542,7.916936,11.424015,0.807036954579971,-0.662789503520656
10.5061728,8.630183,10.967873,7.916936,11.385183,1.88735086259844,-0.836730987179909
10.5363344,8.758964,10.986956,7.935553,11.404599,2.48787474253714,-1.23527410720811
10.5663984,8.719339,11.015581,7.907627,11.268685,3.34835933557013,-1.27703645953273
10.6101472,8.630183,10.977415,7.833159,11.229853,3.28920231838676,-0.918531535515076
10.6480384,8.659902,10.986956,7.842467,11.268685,3.23271883735133,-0.929224704696299
10.677552,8.600465,10.996498,7.926245,11.288102,2.3746361098243,-0.938898917117601
10.7111664,8.610371,10.948791,7.926245,11.278393,2.22035057620785,-1.11615576682115
10.7586448,8.649996,10.910625,7.870393,11.307518,2.37916818725045,-1.08409554570797
10.7901728,8.620277,10.948791,7.944862,11.317226,1.95184196933396,-1.11491932830374
10.8201088,8.610371,10.967873,7.889010,11.336642,2.20752795096142,-0.796871920782515
10.8701712,8.610371,10.977415,7.898319,11.317226,2.31718707093629,-0.852981677169097
10.9014096,8.570746,10.967873,7.916936,11.385183,1.55856473845499,-0.636241152608335
10.9326832,8.610371,10.901083,7.954170,11.414307,1.03645621200624,-0.989394060665528
10.968272,8.610371,10.920166,7.926245,11.326934,1.78858122666203,-1.06620832935147
11.0023728,8.620277,10.872459,7.935553,11.394891,1.14533299439662,-1.08023224330787
11.0336192,8.560840,10.929708,7.935553,11.453139,0.807480655262443,-0.591479104776443
11.1001056,8.550933,10.882001,7.944862,11.414307,0.651986180049324,-0.805269764788747
11.1352464,8.600465,10.901083,8.010022,11.511388,0.130106407023458,-0.901810448818239
11.1675888,8.570746,10.882001,7.954170,11.530804,0.0611062278784559,-0.613202720255625
11.2016512,8.590558,10.891542,7.954170,11.501680,0.386253633259969,-0.728643498514948
11.2366432,8.590558,10.967873,8.028639,11.453139,0.665386846396502,-0.909795746490946
11.270144,8.570746,10.891542,7.944862,11.462847,0.544294452298863,-0.727191064730658
11.298816,8.620277,10.996498,7.963479,11.482264,1.18822794449655,-0.647505339912488
11.337568,8.630183,11.044205,7.963479,11.501680,1.39764956586946,-0.514710294600764
11.3699936,8.570746,10.929708,7.916936,11.424015,1.12935838325202,-0.63457985002449
11.4037344,8.541027,10.929708,7.916936,11.394891,1.12738931292901,-0.606710309221967
11.4514016,8.649996,10.967873,7.870393,11.375474,2.312624999397,-0.770846170213478
11.4815856,8.610371,10.996498,7.935553,11.462847,1.39740719469541,-0.56843173397932
11.5113376,8.640090,10.939249,7.963479,11.433723,1.25199978922997,-0.976919873367038
11.5416336,8.590558,10.967873,8.010022,11.404599,1.03918829034892,-0.968131020699786
11.592712,8.580652,10.929708,7.907627,11.443431,1.12777839724848,-0.588242429114217
11.6239984,8.649996,10.986956,7.907627,11.482264,1.61086067559962,-0.583315078540426
11.6552688,8.659902,11.025122,7.972787,11.550220,1.13492445086974,-0.572816746659655
11.7275648,8.580652,11.034663,7.935553,11.521096,1.11947842358815,-0.22991630232255
11.7651856,8.600465,10.958332,7.926245,11.491972,1.02115999038843,-0.526147306919004
11.80912,8.620277,11.006039,7.972787,11.530804,0.919316180911707,-0.535039388691377
11.8592096,8.610371,10.977415,7.944862,11.550220,0.753831586040701,-0.430705055027321
11.8989616,8.580652,10.977415,7.972787,11.530804,0.542230018521108,-0.472678873669445
11.9501472,8.560840,10.977415,7.963479,11.550220,0.376431070607707,-0.326670728090512
11.9792192,8.610371,10.996498,8.037947,11.579345,0.182765650664939,-0.623891562957809
12.0102112,8.560840,10.996498,7.963479,11.511388,0.697738784864648,-0.375485378395702
12.0604512,8.659902,10.882001,8.000713,11.540512,0.244050013662142,-1.04483441682346
12.0917568,8.570746,10.958332,7.963479,11.462847,0.811355315746441,-0.623760717737174
12.121288,8.610371,11.063288,8.010022,11.559929,0.812439649478092,-0.413689219607253
12.1641424,8.620277,11.006039,8.000713,11.569637,0.549425926277824,-0.532810787668296
12.192816,8.580652,10.967873,7.982096,11.443431,0.923552263982712,-0.744319422307939
12.2232288,8.560840,10.967873,7.982096,11.472556,0.651611261011979,-0.605298753870429
12.2566512,8.541027,10.901083,7.991405,11.540512,-0.258572695143136,-0.567030127846532
12.3052816,8.640090,10.948791,8.000713,11.550220,0.450198708251559,-0.788657683177082
12.3577488,8.570746,10.967873,7.972787,11.579345,0.165459872106835,-0.342990682304475
12.4002384,8.560840,10.958332,8.010022,11.540512,0.0665087466723422,-0.554446985495805
12.4365776,8.541027,10.977415,7.991405,11.598761,-0.15675205909493,-0.234213720741273
12.4678144,8.640090,10.996498,7.991405,11.618177,0.389274089018852,-0.471884376933545
12.501536,8.560840,10.977415,7.954170,11.608469,0.10528154819735,-0.151640041995094
12.5377072,8.610371,10.958332,8.000713,11.559929,0.284901171595896,-0.641427744797049
12.5701424,8.550933,10.939249,8.056565,11.550220,-0.40538791834242,-0.700669165869193
12.6001664,8.580652,10.958332,8.019330,11.608469,-0.250639390907855,-0.484282559503445
12.651632,8.511309,10.920166,8.028639,11.608469,-0.899224069436959,-0.376815781201881
12.6899712,8.560840,10.986956,8.000713,11.608469,-0.09910683956901,-0.284715751123692
12.7323968,8.541027,10.967873,8.000713,11.579345,-0.15381556618227,-0.336958462663933
12.7730432,8.560840,10.996498,7.991405,11.569637,0.219800653249291,-0.325615393914227
12.8042416,8.560840,10.929708,7.972787,11.579345,-0.101201498758119,-0.403947423341588
12.835544,8.531121,10.910625,8.019330,11.569637,-0.576323238194627,-0.531829566887392
12.8864624,8.610371,10.929708,8.000713,11.550220,0.180180329975983,-0.736339346295086
12.9277872,8.580652,10.939249,7.982096,11.589053,-0.0435277963871385,-0.454324601233797
12.9565776,8.580652,10.967873,8.037947,11.608469,-0.300417899569474,-0.523156595932665
13.0036192,8.531121,10.967873,8.000713,11.637593,-0.530348361858671,-0.16006938405911
13.048656,8.511309,10.843835,7.982096,11.559929,-0.799873337560657,-0.529374585214967
13.0800416,8.560840,10.843835,7.991405,11.569637,-0.628499990847579,-0.703589168246282
13.1199968,8.590558,10.872459,8.019330,11.569637,-0.45795063775925,-0.826185175693052
13.1512784,8.570746,10.920166,8.037947,11.618177,-0.673396441461376,-0.583760479332078
13.181472,8.531121,10.948791,8.010022,11.618177,-0.580609777059541,-0.286223515593239
13.2325968,8.580652,10.948791,7.963479,11.530804,0.435361679216185,-0.512212892981776
13.2825696,8.640090,10.948791,7.982096,11.637593,0.0701779814454679,-0.510409774256441
13.3126976,8.560840,11.025122,8.037947,11.608469,-0.0933144177162792,-0.315770416867519
13.3662448,8.580652,10.939249,8.037947,11.637593,-0.619391307985464,-0.52192331609179
13.4038528,8.590558,10.958332,8.000713,11.627885,-0.200177928460439,-0.407182921110447
13.4365744,8.600465,10.920166,8.028639,11.598761,-0.350163853476889,-0.700174121101714
13.4766176,8.600465,10.901083,7.963479,11.598761,-0.0960678694218133,-0.528719551920027
13.5066096,8.560840,10.901083,8.000713,11.472556,0.177211851656243,-0.834027970414621
13.537816,8.531121,10.882001,7.972787,11.521096,-0.20910483118407,-0.566484852077096
13.581584,8.580652,10.929708,7.982096,11.598761,-0.150136844186477,-0.453912705380183
13.608936,8.600465,10.929708,7.982096,11.579345,0.0671261897697213,-0.568488751023185
13.6514144,8.570746,10.901083,8.019330,11.589053,-0.516193385284336,-0.640550389561131
13.6875216,8.550933,10.920166,8.010022,11.618177,-0.629587507461443,-0.42348958957443
13.7215744,8.620277,10.872459,8.000713,11.559929,-0.136147907101292,-0.887537752032284
13.7514704,8.501402,10.986956,7.972787,11.559929,-0.00580798896322304,-0.110113775397011
13.7851376,8.491496,10.824752,8.037947,11.550220,-1.27291270622685,-0.722570127018884
13.8325552,8.580652,10.996498,7.982096,11.453139,1.02785664418902,-0.649115434480162
13.8639904,8.620277,10.901083,8.065873,11.521096,-0.122904364500947,-1.13107062450749
13.8939392,8.580652,10.862918,8.056565,11.424015,0.0344475331688583,-1.30474550195155
13.9352224,8.580652,10.777045,8.075182,11.414307,-0.494191099886009,-1.60708616732187
13.9838368,8.610371,10.700713,8.075182,11.414307,-0.755163967131483,-1.89915707310365
14.0174912,8.590558,10.786586,8.214810,11.647301,-2.43547418848176,-1.49920459414426
14.0662272,8.531121,10.824752,8.214810,11.812339,-3.44990411313881,-0.798644844400307
14.0977024,8.560840,10.986956,8.186884,11.996793,-3.22467210023827,0.0413080507844228
14.12772,8.471684,10.939249,8.158959,12.064750,-4.19940347364393,0.480024604705616
14.1688528,8.461777,10.986956,8.158959,12.045334,-3.88494747672975,0.581339881666995
14.2001456,8.521215,11.044205,8.149650,12.103583,-3.49944394527632,0.691816843235475
14.2301712,8.501402,11.072829,8.196193,12.093874,-3.64735199607801,0.648237607141546
14.2625648,8.501402,11.072829,8.149650,12.055042,-3.19103409301589,0.710039294133093
14.3116448,8.491496,11.006039,8.131033,11.957961,-2.99440769997466,0.410480166683865
14.3528704,8.441965,10.948791,8.121724,11.802631,-2.69812418385406,0.090766647217464
14.385456,8.481590,11.015581,8.112416,11.851172,-2.31868184259341,0.270144477119622
14.422808,8.481590,10.882001,8.177576,11.792923,-3.10020541168703,-0.416315056134785
14.4539968,8.531121,10.719796,8.261353,11.734674,-3.86999162553737,-1.40516639858188
14.4838384,8.491496,10.653006,8.177576,11.705550,-3.85710658659847,-1.23245433063727
14.5302624,8.481590,10.681631,8.242736,11.705550,-4.10539645416925,-1.34571328606371
14.5662816,8.531121,10.777045,8.233427,11.841464,-3.97460934642979,-0.906340409152673
14.5964736,8.511309,10.757962,8.205502,11.938545,-4.5649030005347,-0.555667425340637
14.6288272,8.531121,10.872459,8.214810,11.899712,-3.65459956765323,-0.467261684613518
14.6662816,8.501402,10.929708,8.121724,11.919128,-3.10408352594723,0.129151096526538
14.6978144,8.521215,10.862918,8.075182,11.792923,-2.42910277522741,-0.253079458901972
14.7278624,8.402340,10.853376,8.075182,11.734674,-2.83072382314737,-0.0199161939104116
14.7788864,8.511309,10.843835,8.093799,11.695842,-2.16279732500152,-0.568440235339789
14.8100944,8.610371,11.006039,8.084490,11.773507,-1.08470139489163,-0.279233273443005
14.840104,8.511309,10.891542,8.103107,11.724966,-2.10633981796309,-0.410176078959775
14.8816112,8.471684,11.006039,8.000713,11.705550,-1.0224364449684,0.300524318007323
14.9152464,8.531121,10.958332,8.000713,11.792923,-1.4361389144631,0.197353211809908
14.9539488,8.610371,11.063288,8.065873,11.647301,0.0230890756131303,-0.38586414700492
14.9973664,8.550933,10.996498,8.037947,11.579345,-0.145887552586463,-0.424737245289005
15.0263136,8.531121,11.006039,7.935553,11.550220,0.525392889434047,-0.0616163089155606
