0.0440176,9.682213,15.112084,7.757652,13.577530,0.0678104267265738,5.00340534480886
0.0736208,9.573250,14.864003,7.590108,13.295967,0.796339160130028,4.86119666886068
0.103856,9.474193,14.854461,7.580800,13.325094,0.215002836501661,5.23794342008619
0.1361936,9.424665,14.940335,7.599416,13.499858,-0.61556376955275,5.82733183991451
0.1837888,9.444476,14.988043,7.655264,13.626076,-1.24296089715826,5.91609832873779
0.2162576,9.335513,15.064376,7.664572,13.965893,-3.14113128904094,6.9961213472827
0.2498464,9.276079,15.035751,7.534260,13.917348,-2.63560349157628,7.45033326428483
0.2897376,9.276079,15.035751,7.590108,13.975602,-3.20771689259275,7.38108131446283
0.3199632,9.305796,15.159792,7.618032,14.179493,-3.68100969591978,7.79559679876795
0.3499264,9.266173,15.131167,7.552876,14.140656,-3.46644830216577,8.00222582289669
0.3937744,9.305796,15.169334,7.599416,14.111529,-3.20960979625356,7.74837498375457
0.4325248,9.246362,15.093001,7.543568,14.004729,-2.9985210016022,7.77846206692773
0.4626192,9.276079,15.112084,7.636648,13.975602,-3.10211420511825,7.37430201633015
0.4973616,9.394948,15.140709,7.627340,14.024147,-2.64748945407149,7.17237080533928
0.5550672,9.385042,15.093001,7.636648,13.985311,-2.75383168795041,7.01648760979057
0.5839168,9.305796,15.035751,7.636648,13.965893,-3.26001016459808,7.12406173062954
0.6201968,9.276079,15.035751,7.618032,14.024147,-3.58954666858462,7.38201790399835
0.6551936,9.266173,14.988043,7.683188,14.062984,-4.362823505443,7.19267960731843
0.6951664,9.305796,15.016668,7.739036,14.053275,-4.2883077913117,6.92903630944237
0.7273424,9.335513,15.054835,7.599416,13.936766,-2.71220729593798,7.1292240315582
0.7701696,9.305796,15.236125,7.618032,13.975602,-2.33148664044993,7.56499115574758
0.7988768,9.295890,15.226583,7.497028,14.004729,-1.95730862943647,8.01120510545535
0.8300576,9.325608,15.341082,7.515644,14.014438,-1.46725977747513,8.08337155958106
0.8863152,9.404853,15.360165,7.543568,13.965893,-0.935423704982124,7.69491191659462
0.9212912,9.315702,15.274291,7.403947,13.791130,-0.113640365547838,7.94151799165002
0.964864,9.167116,15.207500,7.357407,13.800839,-0.873671617770745,8.45740404582914
1.013736,9.285985,15.321999,7.403947,13.965893,-0.919149875262114,8.4379372116091
1.0439584,9.256268,15.369707,7.403947,13.897930,-0.497377966819197,8.49540930697784
1.0761888,9.335513,15.312457,7.385331,13.878511,-0.208827430850302,8.16542872771125
1.114896,9.325608,15.207500,7.487720,13.771712,-0.689459741325598,7.48867748503333
1.1488384,9.305796,15.245666,7.478412,13.820257,-0.807505713773184,7.73863235544886
1.18608,9.276079,15.217042,7.422564,13.732875,-0.337080339765635,7.79745256780785
1.2286208,9.305796,15.178875,7.403947,13.771712,-0.477098424973912,7.76352172811528
1.2661664,9.305796,15.236125,7.366715,13.732875,0.16176265856345,7.91510962079915
1.297608,9.186928,15.255208,7.394639,13.781421,-0.666381459246994,8.32708187752732
1.3425984,9.246362,15.321999,7.385331,13.868802,-0.507985159143269,8.44716367972963
1.3700912,9.365230,15.446040,7.459796,14.014438,-0.557937922159518,8.32263968154696
1.4012784,9.305796,15.436498,7.348099,13.917348,0.194211354113925,8.67034185844949
1.4326528,9.266173,15.436498,7.366715,13.927057,-0.121593247090892,8.75419904992949
1.4838,9.305796,15.417415,7.348099,13.897930,0.209492119046324,8.60121799051986
1.5126352,9.375136,15.541455,7.422564,13.985311,0.231293999165718,8.52684224296754
1.5438496,9.295890,15.522372,7.338791,13.897930,0.669588169159756,8.85012082344947
1.595112,9.285985,15.484206,7.403947,13.771712,0.770787938419097,8.38034045700813
1.6262528,9.315702,15.465123,7.366715,13.771712,1.00627755855862,8.3696806822649
1.6576688,9.335513,15.388790,7.366715,13.781421,0.711221189926093,8.18668278389526
1.697368,9.345419,15.446040,7.413255,13.723166,1.06263133874985,8.00667863853121
1.7276672,9.335513,15.493748,7.431872,13.762003,0.934534070043462,8.13571729639445
1.7600672,9.434570,15.465123,7.469104,13.742584,1.14885750566058,7.6207976325257
1.81128,9.404853,15.446040,7.431872,13.694039,1.37366354698806,7.70815191436487
1.86272,9.424665,15.531914,7.366715,13.596948,2.65848934175273,7.83045298527754
1.8998656,9.365230,15.550997,7.320175,13.684330,2.27549370703218,8.35751435821998
1.9511696,9.454382,15.655954,7.366715,13.596948,3.31816738383875,7.96162224729494
1.9826576,9.494005,15.655954,7.357407,13.577530,3.63465365937117,7.83132494479845
2.0112144,9.484099,15.655954,7.366715,13.626076,3.29608184700563,7.9209291276406
2.062696,9.394948,15.694121,7.282943,13.645494,3.40776163392153,8.56896576210541
2.0939232,9.404853,15.741829,7.282943,13.791130,2.90938379756068,8.88346967364967
2.1439712,9.414759,15.741829,7.245711,13.781421,3.19116801384834,8.95236222422927
2.1888032,9.434570,15.713204,7.245711,13.684330,3.65043783126599,8.66529222827582
2.2173248,9.404853,15.722746,7.310867,13.703748,3.13129179430456,8.60537219829685
2.2610208,9.454382,15.684579,7.292251,13.548403,4.07215177874472,8.15999752152845
2.2988032,9.365230,15.665496,7.208479,13.596948,3.79065655910481,8.76025021961728
2.33248,9.385042,15.713204,7.282943,13.655203,3.39723103416137,8.65192514832557
2.3612096,9.444476,15.732287,7.245711,13.723166,3.57510944504655,8.73766209752182
2.41376,9.444476,15.799078,7.282943,13.781421,3.37176972095161,8.8433282129238
2.482672,9.325608,15.636871,7.208479,13.655203,3.19736550655974,8.93940891525623
2.5250208,9.335513,15.646413,7.264327,13.645494,3.04376939928585,8.73029550094425
2.5550864,9.404853,15.741829,7.255019,13.713457,3.44881729879274,8.83303379709944
2.5885312,9.365230,15.713204,7.255019,13.674621,3.35607220197951,8.83767722455848
2.6163024,9.365230,15.694121,7.189863,13.645494,3.75903998528353,8.9579145931278
2.6675904,9.414759,15.732287,7.208479,13.626076,4.13806510616692,8.77543808862474
2.6987184,9.365230,15.799078,7.199171,13.655203,4.10967540172718,9.13336346004809
2.7301808,9.424665,15.760912,7.236403,13.674621,3.90922286036135,8.79396094455777
2.7811456,9.246362,15.665496,7.199171,13.587239,3.3778186522426,9.15100336702395
2.8099472,9.345419,15.675038,7.217787,13.499858,4.20034613519735,8.63587181960981
2.841296,9.345419,15.703662,7.161939,13.577530,4.21005934103261,9.00493262299981
2.8825584,9.345419,15.665496,7.124707,13.538694,4.44068221406861,8.98520978019491
2.9138512,9.345419,15.732287,7.171247,13.548403,4.43515281447294,8.97439727451409
2.9475184,9.365230,15.827703,7.208479,13.635785,4.2836801130434,9.12027056216123
2.994016,9.385042,15.770454,7.171247,13.635785,4.31593343455862,9.07333806108155
3.0252208,9.385042,15.808620,7.208479,13.587239,4.53690429909695,8.93670844436581
3.0540288,9.444476,15.827703,7.273635,13.616366,4.38546101676424,8.62928947641506
3.108928,9.424665,15.694121,7.245711,13.538694,4.27598733170963,8.40050800089365
3.1473872,9.295890,15.675038,7.171247,13.558112,3.92706745096243,9.04684263424997
3.1750352,9.325608,15.684579,7.236403,13.577530,3.65866920040588,8.79680828160353
3.2061824,9.315702,15.713204,7.227095,13.664912,3.33704590319489,9.06589994407683
3.2550256,9.365230,15.770454,7.227095,13.664912,3.79405036182345,9.0111026700033
3.287256,9.345419,15.703662,7.171247,13.732875,3.36131458647017,9.25326686955587
3.3173616,9.285985,15.684579,7.199171,13.655203,3.28005605415325,9.18066697149738
3.3699776,9.285985,15.741829,7.161939,13.703748,3.46770480367207,9.48817272456258
3.4074608,9.394948,15.703662,7.208479,13.645494,3.83119984403662,8.82168470475295
3.438648,9.315702,15.732287,7.143323,13.664912,3.85016867101296,9.36655189186731
3.4887648,9.335513,15.703662,7.217787,13.664912,3.42893775756911,9.01547133888059
3.5189472,9.355325,15.779995,7.189863,13.703748,3.78425439587578,9.24680962496806
3.5499536,9.315702,15.760912,7.208479,13.713457,3.3878048356158,9.29680431303158
3.6000048,9.226550,15.694121,7.180555,13.655203,3.16118517250673,9.44677828019974
3.6312256,9.285985,15.751370,7.161939,13.674621,3.65858346737333,9.45328549656174
3.662608,9.325608,15.722746,7.208479,13.752293,3.06757950535708,9.26654286396137
3.705104,9.206739,15.722746,7.180555,13.742584,2.74966449600235,9.71680495929682
3.7538432,9.246362,15.675038,7.171247,13.703748,2.96226828388809,9.46583248189053
3.8088448,9.186928,15.589163,7.152631,13.635785,2.78056973537078,9.44041491130917
3.8453024,9.325608,15.665496,7.208479,13.684330,3.17062180194581,9.04294887223789
3.8986448,9.295890,15.665496,7.217787,13.694039,2.94512969998243,9.12522290455189
3.9361872,9.375136,15.713204,7.208479,13.577530,4.13758449647158,8.77965967158025
3.9674464,9.295890,15.694121,7.199171,13.694039,3.16386643119745,9.23563230150692
3.9974384,9.305796,15.713204,7.189863,13.752293,3.03707777698659,9.37165558812427
4.0312336,9.345419,15.827703,7.161939,13.800839,3.5908138664757,9.62377910276128
4.06892,9.385042,15.770454,7.292251,13.839675,2.65253386016845,9.05376802779568
4.0986688,9.285985,15.741829,7.180555,13.849384,2.62559669147483,9.68742663554779
4.1301008,9.246362,15.694121,7.124707,13.781421,2.8844161159038,9.78680646575458
4.163824,9.295890,15.837245,7.134015,13.829966,3.41398321499541,9.93823016498812
4.2013984,9.305796,15.894494,7.152631,13.820257,3.65484566270545,9.93125924541652
4.231184,9.305796,15.904036,7.217787,13.800839,3.4616257483642,9.70709008020152
4.2735584,9.295890,15.932660,7.189863,13.810548,3.63438161666442,9.89455407060992
4.3138544,9.385042,15.846786,7.199171,13.820257,3.55115884061926,9.44838099794963
4.3451024,9.266173,15.799078,7.161939,13.781421,3.229251270903,9.79079260055717
4.3889712,9.226550,15.665496,7.115399,13.635785,3.47450634508547,9.56949096628241
4.4251696,9.365230,15.713204,7.227095,13.810548,2.80331105101658,9.16863031612293
4.4562656,9.365230,15.760912,7.310867,13.859093,2.33387417972642,9.07505900227384
4.4860848,9.414759,15.703662,7.376023,13.839675,2.06890296553562,8.57810572723863
4.5273936,9.375136,15.665496,7.338791,13.859093,1.82578867724468,8.78624030010599
4.5588368,9.315702,15.598705,7.273635,13.762003,2.10846608305191,8.88704536654944
4.5890176,9.276079,15.779995,7.255019,13.859093,2.31764931876069,9.56712511197068
4.6313872,9.355325,15.799078,7.301559,13.956184,2.00996290556259,9.3747865095534
4.6714448,9.355325,15.856328,7.217787,13.878511,3.07330622202775,9.60312885111398
4.7214608,9.375136,15.932660,7.189863,13.868802,3.67367573568876,9.74599294103004
4.7563104,9.394948,15.884953,7.217787,13.965893,2.91970509915894,9.68201083112851
4.7927648,9.394948,15.904036,7.422564,14.101820,1.2859505891863,9.31127117454006
4.8240064,9.414759,15.703662,7.366715,13.927057,1.67403528931919,8.76281933359435
4.8540032,9.325608,15.589163,7.310867,13.859093,1.42573445195712,8.8944081451716
4.9039344,9.385042,15.665496,7.431872,13.956184,0.907859705093717,8.63568988733111
4.9362544,9.315702,15.531914,7.292251,13.752293,1.77440512032558,8.69073344403177
4.9675232,9.285985,15.531914,7.292251,13.742584,1.69536102609774,8.76755342365626
5.0103072,9.305796,15.760912,7.338791,13.849384,1.98691677422266,9.15719346879016
5.0563136,9.434570,15.970827,7.422564,14.082402,1.83432247389656,9.27055796257336
5.1065664,9.394948,15.923119,7.413255,14.189202,0.977618657061086,9.5260696045628
5.160088,9.404853,15.751370,7.329483,13.965893,1.82761066940846,9.06412313293013
5.1901248,9.305796,15.703662,7.301559,13.927057,1.53610342931644,9.31095902234043
5.225296,9.266173,15.675038,7.292251,13.888220,1.48641143915419,9.34618756467197
5.26108,9.335513,15.579622,7.385331,13.829966,1.19723852851647,8.55895081869298
5.2913168,9.335513,15.608247,7.366715,13.888220,1.11996834145937,8.77293784307636
5.3226144,9.385042,15.751370,7.385331,14.033857,1.11951498003805,9.07112494216707
5.3725152,9.375136,15.789537,7.348099,14.024147,1.47630922591062,9.26910047511035
5.4128144,9.385042,15.951744,7.403947,14.276583,0.66901471152957,9.7873849787983
5.444096,9.345419,15.961285,7.320175,14.169784,1.49089243309209,10.0047017585508
5.4951792,9.345419,15.913577,7.403947,14.286292,0.289941813296245,9.86174831862862
5.5251728,9.355325,15.894494,7.422564,14.257165,0.302998873932708,9.68905467227877
5.5563728,9.355325,15.741829,7.459796,14.111529,0.189800296969299,9.05116354028687
5.6062768,9.285985,15.694121,7.441180,14.140656,-0.365888591304456,9.29389194429425
5.6514736,9.424665,15.808620,7.506336,14.208620,0.0577469682137171,8.97793342606758
5.6986784,9.434570,16.075784,7.524952,14.296001,0.70894486839477,9.50600623828846
5.739064,9.533627,16.314324,7.441180,14.296001,2.53604651306546,9.86854487470389
5.7690384,9.523722,16.276158,7.376023,14.208620,3.09253249431267,9.88538243721477
5.8051744,9.523722,16.142575,7.366715,14.092111,3.16287041397499,9.48281184154631
5.851552,9.642590,16.247533,7.459796,14.130947,3.43712805095781,9.0773142396977
5.8812432,9.682213,16.295241,7.534260,14.101820,3.57345159164767,8.75982969635317
5.9127248,9.662402,16.342949,7.422564,14.140656,4.05068615228699,9.31222949104277
5.9528592,9.692119,16.514697,7.524952,14.286292,3.6515126948762,9.45152176307669
6.0027232,9.573250,16.409740,7.422564,14.257165,3.37996009037353,9.90045252396081
6.0441504,9.612873,16.514697,7.394639,14.228038,4.25832867513707,9.99362289950342
6.0941536,9.731742,16.486073,7.497028,14.228038,4.1214194578293,9.26769163464455
6.125416,9.969479,16.613107,7.608724,14.393092,4.24576425252282,8.70973054910979
6.1564544,10.038819,16.679293,7.618032,14.412510,4.65129833097604,8.61983521128795
6.2076288,9.999196,16.556377,7.431872,14.062984,6.63509706810494,8.49117220077018
6.2374976,9.840705,16.562405,7.413255,13.956184,6.64515475498004,8.85533416874858
6.2722352,9.890233,16.571947,7.487720,14.130947,5.64263589575417,8.79537046474903
6.3199696,10.068536,16.367275,7.822808,14.422219,2.4709264060503,7.40652806083414
6.3600144,10.246839,16.565832,8.036893,14.723201,1.53199931847029,7.10948692810608
6.4013408,10.118064,16.376730,7.990353,14.480474,1.62496139481766,6.88311617319976
6.4415632,10.078442,16.452371,7.729728,14.412510,3.3536904627944,7.7827360769097
6.4729888,10.009102,16.556377,7.618032,14.286292,4.65307872683149,8.28452187247326
6.5150704,10.108159,16.641472,7.636648,14.325129,5.11293883391197,8.14500158602266
6.5527392,10.316179,16.764388,7.739036,14.344547,5.83790330253021,7.47032880464724
6.5838048,10.316179,16.565832,7.887964,14.247456,4.79782830359723,6.52697759251986
6.614144,10.504387,16.679293,8.064817,14.587274,3.51955243677283,6.24723660292822
6.6604016,10.474670,16.480736,8.120665,14.402801,3.22552703779276,5.51403503630522
6.6964544,10.276556,16.600572,7.934505,14.334838,4.13132015813025,6.7172087581911
6.7377456,10.395424,16.575287,8.148589,14.558146,2.41600319853367,6.09209864548934
6.77772,10.613350,16.688748,8.204437,14.723201,2.6878879112521,5.78520373214396
6.8074704,10.504387,16.575287,8.195129,14.674655,2.08037562609201,5.84577344696874
6.8390048,10.692596,16.858939,8.288209,14.956218,2.19064391412022,6.00563717564027
6.8729104,11.118541,17.416788,8.716378,15.461090,1.73155072836837,5.40936878060586
6.9275424,11.029390,17.180412,8.734994,15.538763,0.0696910341814885,5.34106221760636
6.9615536,10.613350,16.868394,8.781534,16.072762,-5.29785119731026,6.7087605763992
6.9962912,10.514293,16.509101,8.800150,15.927126,-6.5610328518484,6.10743220149635
7.0415568,10.583633,16.442916,8.995619,15.946544,-7.48340450351714,5.30267417821761
7.0728992,11.177975,17.010220,9.470328,16.402870,-6.89600492846162,4.11912930914498
7.10652,11.247315,17.085861,9.582024,16.529088,-7.33075943872813,3.97342547343759
7.1539616,10.989767,16.641472,9.042159,15.606726,-3.8165054910269,3.84017602306899
7.1839792,11.306750,17.208777,9.014235,15.451381,0.382499801029827,3.75215817700395
7.214872,11.534581,17.369513,9.023543,15.315454,2.39595919688341,3.16690942773079
7.2697792,11.762412,17.265507,9.135239,15.208654,2.83361915481467,1.92879793276217
7.3075312,11.792130,17.265507,9.312091,15.237781,2.03822354755054,1.44273766038643
7.3398304,11.534581,16.934580,9.302783,15.121273,0.390338933368888,1.38089583088113
7.3788864,11.663355,17.048041,9.358631,15.305745,0.248415610721771,1.40430918158691
7.4103968,11.732695,17.095316,9.442404,15.577599,-0.856506070460178,1.54352614097269
7.4428864,11.712884,16.934580,9.526176,15.431963,-1.26660531401545,0.866036043064767
7.4912752,11.732695,16.877849,9.442404,15.334872,-0.622097597368313,0.770687442450352
7.5215488,11.574204,16.442916,9.675104,15.354290,-3.97301706736948,-0.130114091986982
7.5690768,11.623732,16.376730,9.768184,15.276618,-4.1035988480628,-0.745228340192437
7.6252624,11.861470,16.499646,9.963653,15.363999,-3.93444664754692,-1.48286159887036
7.6553776,11.831752,16.632017,9.972961,15.645562,-4.77691834207346,-0.722408879955385
7.6842,11.821847,16.660383,9.963653,15.645562,-4.66770635506206,-0.62586913783797
7.7352208,11.831752,16.821119,10.010193,15.917416,-5.35681461363949,-0.0388933562233476
7.7650288,12.019961,17.019675,10.187045,16.179561,-5.72202332509865,-0.181308909241611
7.7977472,11.920904,16.679293,10.131197,15.985380,-6.33985735636669,-0.687323533348053
7.8376384,11.831752,16.783299,10.131197,16.121307,-6.84459924183798,-0.0643379281334298
7.8676608,12.079395,16.868394,10.224277,16.063053,-5.73893402148737,-0.863442820904709
7.898856,12.158641,17.246597,10.214969,16.257234,-4.80269900794753,-0.09050524539877
7.9303088,12.178452,17.218232,10.205661,16.247525,-4.75652836789554,-0.178451499441149
7.980328,12.099207,17.104771,10.010193,15.995089,-3.62338678869171,-0.104268238151981
8.011568,12.138829,17.397878,9.972961,16.208689,-3.13043198961982,0.720211012948621
8.042912,12.247792,17.350603,10.131197,16.286361,-3.87305160140856,0.113341055564067
8.0863872,12.099207,17.303328,10.242893,16.616470,-6.38057840826309,0.661019534092151
8.122912,12.128924,17.066951,10.401130,16.509670,-7.34942514720292,-0.353252323968043
8.1541344,12.079395,17.104771,10.345282,16.538797,-7.28541238141972,0.0125072004913314
8.1964848,12.099207,17.189867,10.345282,16.587342,-7.09261445646468,0.181058179469144
8.2549024,11.990244,17.208777,10.056733,16.276652,-4.99485481666306,0.683336781490553
8.2873072,11.930809,17.331693,9.917113,16.150434,-3.66540555635998,1.17253614295074
8.3361104,12.198264,17.435699,10.028809,16.198980,-2.96579047287638,0.481946101729985
8.3673424,12.039772,17.208777,10.112581,16.043634,-4.08326962454583,0.0411580978243364
8.3976192,12.198264,17.303328,10.205661,16.150434,-3.97519750418069,-0.246530638711761
8.450184,12.237887,17.208777,10.177737,16.140725,-4.02210564475167,-0.446151411622825
8.479008,12.049678,17.142591,10.038117,15.956253,-3.62136820330326,-0.052436204733791
8.521544,11.891187,17.038586,9.870573,15.839744,-3.41046732398379,0.395240229226328
8.5790752,11.901092,16.925125,9.824032,15.752362,-3.23393680149706,0.152387328605116
8.6139872,12.218075,17.218232,10.168429,15.927126,-3.14242531205929,-0.711565560263999
8.64276,12.227981,17.284417,10.159121,16.014507,-3.18619044792842,-0.459553621376898
8.6938352,12.208169,17.170957,10.075349,15.839744,-2.60375312569096,-0.681938330705446
8.724152,11.970432,17.227687,9.796108,15.771780,-1.81592970732974,0.584118908189751
8.7565008,12.029867,17.114226,9.870573,15.849453,-2.65513641918075,0.189720467485465
8.8063008,12.059584,17.246597,9.907805,15.975671,-2.74017835934063,0.449977581560077
8.8487088,12.010055,17.010220,10.056733,16.004798,-4.53749528425589,-0.139159206736277
8.881736,12.019961,17.019675,10.056733,16.092180,-4.82682825779873,-0.00341621020670146
8.920448,12.128924,17.161501,10.205661,16.198980,-4.94915991782623,-0.229686871282183
8.9487024,12.099207,17.218232,10.140505,16.140725,-4.34396330489337,0.000846616702517622
8.9838656,12.069489,17.369513,10.093965,16.228107,-4.06498183305802,0.578278091038381
9.0229104,12.128924,17.378968,10.075349,16.237816,-3.77625568908599,0.50893617495117
9.0516064,12.237887,17.378968,10.019501,16.101889,-2.5897120210103,0.156922194966583
9.0862416,12.277509,17.435699,10.140505,16.315488,-3.61220166061788,0.20345091307998
9.144072,12.208169,17.350603,10.252201,16.334907,-4.70807519285199,-0.00634939113306032
9.175408,12.198264,17.256052,10.149813,16.334907,-4.67370877705064,0.114086842524678
9.2051248,12.148735,17.246597,10.093965,16.344616,-4.70187549728842,0.372898935477277
9.2499104,12.039772,17.208777,10.066041,16.344616,-5.12821941796984,0.648535987978221
9.2861264,12.128924,17.227687,10.066041,16.247525,-4.3325625013348,0.301257152387176
9.3173728,11.980338,17.133136,10.000885,16.286361,-5.12229856905249,0.738785733833478
9.3539024,11.930809,17.104771,10.084657,16.393161,-6.19172176682801,0.781760390412821
9.4001232,11.762412,16.840029,9.972961,16.160143,-6.39971878240778,0.663514247135723
9.4304256,12.089301,17.048041,10.187045,16.092180,-5.0008766497022,-0.44957013681347
9.472552,11.752507,16.679293,9.898497,15.810617,-5.27934803594583,0.0244278048043896
9.5316288,11.821847,16.915670,9.777492,15.616435,-2.79412930116317,0.226087021819023
9.5642384,11.722790,16.944035,9.507560,15.538763,-1.57384140275679,1.0838798725433
9.6027792,11.702978,16.925125,9.451712,15.412545,-0.933450032056772,1.03440445133344
9.6454112,11.485053,16.386186,9.321399,14.965927,-1.29077756208114,0.250897777502434
9.6741568,11.494958,16.591030,9.526176,15.092145,-1.92232790083408,0.263960406777869
9.7151888,11.306750,16.304782,9.358631,14.946509,-2.37876403917751,0.446669493808997
9.7562544,11.385995,16.552864,9.433096,15.121273,-2.20809565805945,0.775844389727133
9.7888928,11.098730,16.381115,9.070083,14.762037,-0.776086266797735,1.58358215718795
9.8440368,10.910521,16.428823,8.818766,14.723201,-0.00905000760365837,2.79458270898846
9.8775904,10.801558,16.276158,8.623298,14.383383,1.43098543795028,2.77376425290371
9.9090864,10.682690,16.075784,8.381289,13.927057,3.46863185103538,2.61678653546457
9.9415456,10.811464,16.047160,8.455754,13.956184,3.37231212199941,2.04261085736107
9.9815568,10.742124,15.760912,8.539526,13.606657,3.22208667276115,0.836241685696685
10.0102336,10.732218,15.808620,8.502294,13.703748,3.08528285513268,1.23775658503843
10.0403936,10.682690,15.818161,8.409214,13.606657,3.84679067067374,1.48115409883176
10.0888368,10.474670,15.665496,8.176513,13.441603,4.33266870399843,2.16033447454139
10.133992,10.286462,15.331541,7.887964,13.169749,4.98548763855927,2.42401005071828
10.1640208,10.227027,15.245666,7.720420,12.927022,6.48410062178953,2.47665429408458
10.2042032,10.256744,15.236125,7.739036,12.849350,6.87546233356572,2.16265055595294
10.245608,10.236933,14.921252,7.748344,12.499823,7.244345096121,0.891947579785018
10.2760976,10.167593,14.749504,7.655264,12.412442,7.1719503369804,0.868864804992892
10.3376352,10.028913,14.615922,7.599416,12.402732,6.34619879988275,1.17876635747037
10.3676288,9.840705,14.444173,7.627340,12.587205,3.6362201702698,1.70149202847236
10.3988144,9.731742,14.453715,7.599416,12.839641,2.00911699829629,2.65177375222697
10.4438304,9.791176,14.787670,7.711112,13.247422,1.04528875184946,3.57006750806566
10.4802464,9.444476,14.358299,7.524952,12.965859,0.0214637437293348,3.85218943538851
10.5203824,9.345419,14.272424,7.562184,12.965859,-1.01390750140416,3.87925023024242
10.5702352,9.137399,13.890761,7.487720,12.839641,-2.68018633682966,3.7729109116407
10.6016672,9.365230,13.919386,7.627340,13.092077,-3.54610025423293,3.1575074313074
10.6405648,9.157210,13.614055,7.543568,12.927022,-4.64804725884465,3.14416894545187
10.6955648,9.107682,13.241933,7.441180,12.509532,-3.88891229568572,2.00300016369193
10.7425088,9.157210,13.089268,7.608724,12.528950,-5.39503447980268,1.01169878579191
10.795136,8.790699,12.430898,7.562184,12.111460,-7.97200459487836,0.0309151535137637
10.826376,8.780793,12.144651,7.506336,11.946406,-8.27054754118829,-0.765271510808855
10.8566048,8.860039,12.249608,7.562184,11.994951,-7.90169775394695,-0.870025002539847
10.89156,8.988813,12.469065,7.636648,11.926988,-6.16961543896429,-1.20344933660213
10.9280096,9.127493,12.917519,7.394639,11.868734,-1.58813372251689,0.0085893987388026
10.9578944,9.077965,12.879353,7.143323,11.635716,0.724588874344601,0.411852629570816
10.9888304,8.909568,12.850728,6.975779,11.480371,1.6205511818285,1.14269538724437
11.0298544,8.869945,12.888894,6.929238,11.538625,1.54512998936472,1.65402146740579
11.0588608,8.978908,13.003393,7.087475,11.781352,0.333686015554086,1.53149106645897
11.1222688,8.969002,13.222850,7.217787,12.072624,-1.0239877281503,2.23399430080592
11.1714192,8.899662,13.280099,7.143323,12.295933,-1.91092052534878,3.3141268505088
11.202584,8.840228,13.537722,7.227095,12.616332,-3.17053224911499,4.43656808997711
11.2385264,8.850133,13.699929,7.152631,12.703714,-2.41448990435176,5.16224898986012
11.2838176,8.830322,13.795345,7.134015,12.791095,-2.42635401334286,5.66007778507326
11.3152064,8.810511,13.833511,7.022319,12.791095,-1.73298584642301,6.17822409881196
11.3562048,8.780793,13.871678,7.031627,12.868768,-2.16490666412639,6.47825244275788
11.4124816,8.830322,13.804887,7.115399,12.936731,-3.06613423547138,6.03316686327624
11.4551856,8.820416,13.728554,7.208479,12.800804,-3.24713707522717,5.32924232092438
11.5002384,8.840228,13.575889,7.227095,12.859059,-4.29842319129506,5.00999092038441
11.5362272,8.830322,13.747637,7.273635,12.946441,-4.23919976017775,5.410473314102
11.5678048,8.889756,13.814428,7.282943,12.859059,-3.22029009029074,5.14108559578647
11.6025952,8.790699,13.776262,7.255019,12.946441,-4.1923774710367,5.66154240967311
11.6405232,8.820416,13.728554,7.245711,12.907604,-4.02095409818895,5.42009174975001
11.6703536,8.810511,13.575889,7.255019,12.810513,-4.33073755477914,4.91741699303058
11.7000496,8.770888,13.566347,7.264327,12.859059,-4.87882655361904,5.09785478922778
11.7452832,8.711453,13.585430,7.171247,12.907604,-4.8348396421572,5.74596812623044
11.7813248,8.612396,13.499556,7.199171,12.849350,-5.57087886248185,5.69433095183479
11.8115168,8.701548,13.556805,7.227095,12.829932,-4.90415028138858,5.37653857547155
11.8574256,8.721359,13.556805,7.180555,12.761968,-4.1901473377059,5.32839043303058
11.8928816,8.869945,13.766720,7.366715,12.897895,-4.19638899826408,4.9116742184757
11.9240896,8.949191,13.823970,7.282943,12.859059,-2.89312672731083,4.96364486083372
11.9540752,8.840228,13.661763,7.255019,12.606623,-2.67335000712525,4.57763632231006
12.0067168,8.711453,13.537722,7.115399,12.490114,-2.49212778143543,4.98636181020277
12.0563648,8.741171,13.614055,7.059551,12.460987,-1.51139921354754,5.1720255735004
12.1066496,8.751076,13.671304,7.152631,12.655168,-2.7628072992562,5.33801192970795
12.1365168,8.701548,13.547264,7.180555,12.664877,-3.80578128314324,5.17774855715339
12.166656,8.602491,13.585430,7.134015,12.694005,-4.00677741044078,5.80751339915523
12.2074672,8.602491,13.585430,7.115399,12.694005,-3.90541987156915,5.87072581956574
12.2391344,8.681736,13.518639,7.087475,12.606623,-3.21508519402082,5.38193263177364
12.2687808,8.562868,13.432765,7.096783,12.645459,-4.47825029512146,5.65843272122269
12.3111424,8.592585,13.642680,7.087475,12.713423,-3.62910408809203,6.15474956584418
12.354824,8.572774,13.642680,7.068859,12.732841,-3.72964621230503,6.32479377751641
12.4025376,8.671831,13.738096,7.124707,12.859059,-3.77675249392166,6.24556341222631
12.4528048,8.731265,13.766720,7.106091,12.829932,-3.09565549883725,6.10696048899425
12.4940176,8.879851,13.738096,7.189863,12.800804,-2.81734117115961,5.21231696691258
12.522896,8.671831,13.680846,7.096783,12.587205,-2.42243351035292,5.67546460255612
12.5674448,8.731265,13.699929,7.096783,12.635750,-2.30995423086396,5.61181295219867
12.5952272,8.652019,13.699929,7.096783,12.713423,-3.11520257972622,6.03715587294464
12.6250144,8.681736,13.690388,7.106091,12.723132,-3.12138069222082,5.90540875801279
12.655032,8.661925,13.738096,7.087475,12.820223,-3.41300219175865,6.32695228675174
12.7200752,8.632208,13.690388,7.031627,12.859059,-3.69431243251747,6.59922571963795
12.7499776,8.622302,13.795345,7.106091,12.917313,-3.95339543305286,6.70644836884589
12.7876208,8.681736,13.833511,7.106091,12.907604,-3.43236006785441,6.56243863834446
12.8290736,8.671831,13.747637,7.106091,12.927022,-3.99694207802483,6.46339355348304
12.8590128,8.642114,13.699929,7.115399,12.820223,-3.84383118333924,6.22286691215674
12.9103296,8.612396,13.728554,7.171247,12.829932,-4.20337931515092,6.21153753822781
12.9414816,8.582679,13.776262,7.134015,12.820223,-3.86296256466801,6.51413641995951
12.9714688,8.632208,13.728554,7.087475,12.897895,-4.02239790434207,6.56394862519003
13.001368,8.572774,13.719012,7.050243,12.771677,-3.46969541733778,6.62017471616866
13.0526544,8.602491,13.623597,7.022319,12.761968,-3.58310022351387,6.40239986641306
13.0890864,8.582679,13.594972,7.106091,12.810513,-4.53783202316665,6.22494194775743
13.1364832,8.592585,13.642680,7.171247,12.752259,-4.29520439996476,5.94903764919727
13.1776304,8.562868,13.671304,7.143323,12.791095,-4.35960244361974,6.28054888738442
13.2063408,8.671831,13.766720,7.152631,12.820223,-3.58010025738432,6.13092692620744
13.2375376,8.661925,13.709471,7.124707,12.839641,-3.85753121800714,6.18262376149813
13.2873024,8.632208,13.728554,7.031627,12.868768,-3.56265796731464,6.69506753399711
13.328632,8.632208,13.795345,7.040935,12.878477,-3.34395214675457,6.81618946406217
13.36884,8.642114,13.804887,7.068859,12.859059,-3.29650976065187,6.66831101756177
13.4099824,8.691642,13.766720,7.050243,12.849350,-3.08850577841009,6.468065569247
13.4401344,8.592585,13.738096,7.078167,12.829932,-3.7496523859424,6.61295863314636
13.4713456,8.612396,13.795345,7.096783,12.888186,-3.79376766147935,6.7134340724347
13.5124512,8.592585,13.757179,7.040935,12.868768,-3.66618433894381,6.85524366808632
13.5428448,8.632208,13.776262,7.124707,12.800804,-3.46880650899298,6.33913338877776
13.5728432,8.642114,13.766720,7.013011,12.771677,-2.70208517679295,6.60667396303605
13.6053216,8.701548,13.843053,7.040935,12.723132,-1.93846755323154,6.36613387298324
13.6602368,8.721359,13.871678,7.059551,12.713423,-1.75572265316143,6.27415650944766
13.696496,8.681736,13.804887,7.013011,12.655168,-1.69183536051485,6.31466676387154
13.7300768,8.731265,13.871678,7.013011,12.626041,-0.976264675917697,6.22255488568008
13.776424,8.721359,13.881219,7.031627,12.703714,-1.50492719141919,6.36818416387003
13.8074368,8.721359,13.919386,7.059551,12.839641,-2.21420689191184,6.62138604503268
13.8414432,8.731265,13.900303,7.022319,12.703714,-1.31599487745448,6.40438371669761
13.8901216,8.731265,13.976635,7.003703,12.713423,-0.904609064644506,6.63919765442476
13.9189728,8.780793,13.928927,7.040935,12.655168,-0.781074936141115,6.13442799683492
13.9513104,8.760982,14.024343,7.068859,12.684296,-0.734628871394893,6.35622714661309
14.0214448,8.741171,13.976635,7.022319,12.684296,-0.800199928388412,6.48470741947743
14.0512944,8.830322,13.948010,7.022319,12.752259,-0.884437406510695,6.26283772515955
14.089056,8.780793,13.938469,7.059551,12.694005,-1.04956268149459,6.16867443067759
14.1314912,8.751076,13.871678,7.031627,12.732841,-1.56770346579107,6.3070107213075
14.1624704,8.760982,13.909844,7.059551,12.713423,-1.38534284730668,6.21696200859369
14.2075328,8.741171,13.843053,7.059551,12.635750,-1.37363728219633,5.99359391700228
14.244888,8.780793,13.909844,7.050243,12.664877,-0.975569525592757,6.08424967414094
14.2772976,8.810511,13.900303,7.143323,12.655168,-1.33442866677885,5.63295679651345
14.3150096,8.800605,13.862136,7.050243,12.616332,-0.84252393870481,5.82382608127637
14.3576544,8.760982,13.843053,7.059551,12.548369,-0.800176916875914,5.75019023757842
14.3872512,8.820416,13.919386,7.096783,12.635750,-0.8375311277343,5.75513545689007
14.4273024,8.830322,13.909844,7.022319,12.616332,-0.322228306060371,5.91390592134215
14.468704,8.889756,13.976635,7.078167,12.713423,-0.5614971912045,5.85588531229603
14.4999904,8.850133,13.957552,7.059551,12.596914,-0.100649716097273,5.77901526461469
14.528928,8.820416,13.967094,7.040935,12.558078,0.119175136820939,5.88255690858785
14.5700224,8.770888,14.005260,7.031627,12.548369,0.169983388030868,6.13807588708186
14.6102832,8.869945,14.052968,7.068859,12.635750,0.178482103242835,5.95065160513133
14.6526432,8.879851,14.148384,7.078167,12.567787,0.992516546747598,5.94122224687926
14.6914448,8.939285,14.062510,7.115399,12.664877,0.13570077378451,5.64105509345302
14.7226048,8.850133,14.072051,7.003703,12.655168,0.425167325463207,6.31258016718295
14.7526192,8.820416,14.014802,7.068859,12.635750,-0.234132173743976,6.04036553657856
14.7837968,8.860039,14.062510,7.115399,12.713423,-0.49974707654928,6.00224286319524
14.8253088,8.830322,13.919386,7.106091,12.742550,-1.42263505529997,5.90506405366547
14.8551184,8.780793,13.909844,7.115399,12.694005,-1.48956041433527,5.92353391742673
14.8850288,8.780793,13.948010,7.068859,12.713423,-1.16087404577448,6.19529807012198
14.951368,8.760982,13.909844,7.143323,12.761968,-2.10411678896536,6.03246738003262
14.9978192,8.691642,13.871678,7.124707,12.674586,-2.04095168221429,6.07660930020996
15.0501856,8.721359,13.919386,7.059551,12.596914,-0.891730955402979,6.1360125474857
