0.0494736,11.110746,10.030722,10.105740,10.220210,-0.763206406335182,-0.290120903537952
0.0979808,11.071121,10.011638,10.077815,10.239626,-1.01882328492876,-0.10751004369188
0.1291536,11.081027,10.011638,10.096432,10.161961,-0.653041981933348,-0.403194440430908
0.169224,11.130559,10.011638,10.096432,10.181377,-0.502897175146034,-0.481476253774591
0.228176,11.041401,9.944842,10.049891,10.094004,-0.58707249956174,-0.552724762983333
0.2707104,11.140466,9.944842,10.012658,10.055172,0.331779561327799,-0.829949962090157
0.3230896,11.120653,9.963926,10.031275,10.123129,-0.137685848556084,-0.579377775131
0.3519136,11.130559,10.011638,10.040583,10.074588,0.368364348357887,-0.633449822697783
0.384232,11.189998,10.078433,10.012658,10.074588,1.16258806607899,-0.529067589235838
0.42316,11.160279,10.087976,9.956810,10.055172,1.46594816012006,-0.326620587739826
0.4545408,11.140466,10.040264,10.031275,10.074588,0.61542209018409,-0.553935913368415
0.484384,11.180092,10.087976,9.975426,10.094004,1.25671120873222,-0.320479262332679
0.5317424,11.160279,10.002095,10.012658,10.055172,0.726451536942583,-0.720457168559493
0.5652224,11.120653,10.087976,10.040583,10.142545,0.342889792259365,-0.199019534985462
0.596688,11.090934,10.059349,10.021967,10.142545,0.144686549306038,-0.149411729344029
0.638048,11.140466,10.030722,10.059199,10.113421,0.208075682379657,-0.546131647736752
0.688392,11.081027,9.992553,10.012658,10.094004,0.0624435646132104,-0.423720846564978
0.7192592,11.100840,10.002095,10.012658,10.074588,0.317565002478972,-0.505211086106185
0.7545456,11.160279,10.021180,10.012658,10.103712,0.562619871396072,-0.528731133166132
0.7916912,11.160279,10.021180,10.059199,10.055172,0.573374512424319,-0.791349682234074
0.8329696,11.041401,10.002095,10.012658,10.132837,-0.300877081469585,-0.179566597642884
0.8630048,11.081027,9.973468,10.059199,10.094004,-0.285730404761372,-0.603413826452685
0.903152,11.110746,9.973468,10.003350,10.123129,0.0104536781421514,-0.450351256258015
0.9345312,11.150372,9.973468,10.040583,10.191085,-0.350395584427286,-0.465033607152126
0.9745136,11.081027,9.944842,10.059199,10.123129,-0.589201101464434,-0.602001719595683
1.0245456,11.031495,9.925757,9.966118,10.094004,-0.285728118268628,-0.353420909938732
1.05548,11.071121,10.011638,10.012658,10.045464,0.371045953711725,-0.480559366578759
1.0955536,11.120653,9.963926,10.096432,10.152253,-0.642662171963939,-0.672043883645233
1.1456384,11.130559,9.983011,10.012658,10.123129,0.110956222071608,-0.501822691916124
1.17536,11.150372,9.954384,10.021967,10.132837,-0.0363448317855877,-0.633847880942994
1.2102672,11.100840,9.973468,10.049891,10.152253,-0.446395225177251,-0.466608529810332
1.2605488,11.199905,9.992553,10.068507,10.191085,-0.14874016184636,-0.618977628255778
1.3194512,11.100840,10.059349,10.049891,10.200794,-0.266027696452035,-0.0873715475046954
1.3594352,11.051308,9.963926,10.077815,10.132837,-0.795699714786763,-0.490406842265934
1.3892784,11.090934,9.983011,10.068507,10.171669,-0.651777983429012,-0.408154263901839
1.4207808,11.150372,10.030722,10.068507,10.132837,0.104745055397752,-0.542859404329687
1.4556736,11.120653,10.021180,10.031275,10.094004,0.312151025959637,-0.49966419399765
1.5019536,11.150372,10.040264,10.068507,10.132837,0.153474098402908,-0.515908271844391
1.53292,11.189998,10.049807,10.049891,10.132837,0.503941805428001,-0.545343574744447
1.5677488,11.120653,10.049807,10.021967,10.055172,0.717610110610192,-0.503499484978178
1.6157312,11.150372,9.983011,10.021967,10.103712,0.266754741853764,-0.63525861386729
1.6444,11.090934,10.030722,10.031275,10.094004,0.208852354435664,-0.392551957621172
1.6753216,11.090934,10.011638,9.994042,10.064880,0.468350044248263,-0.428674269170712
1.7158272,11.189998,10.002095,10.003350,10.094004,0.719228313603133,-0.665170384095874
1.7468768,11.189998,9.963926,10.003350,10.084296,0.576484473539141,-0.80102957470013
1.7755616,11.081027,10.011638,9.984734,10.152253,-0.00266855245649467,-0.129342295717639
1.8080752,11.120653,10.049807,9.956810,10.064880,1.01676646211348,-0.300169277775501
1.84692,11.100840,9.992553,10.021967,10.055172,0.323088324412254,-0.612539899829151
1.8767696,11.150372,10.011638,10.040583,10.064880,0.521920056504614,-0.714266777861667
1.913304,11.160279,10.011638,10.031275,10.016339,0.884241860576675,-0.853749845371516
1.9755248,11.160279,10.002095,10.087124,10.132837,-0.0905761796544535,-0.700302397629251
2.010768,11.150372,10.002095,10.021967,10.045464,0.677957291345234,-0.746422942032651
2.0417712,11.180092,10.011638,10.003350,10.123129,0.560718121181819,-0.529044910833191
2.0817712,11.160279,10.049807,10.068507,10.084296,0.512980378420865,-0.652720099031625
2.1131728,11.140466,10.021180,10.031275,10.132837,0.204942439102126,-0.443133410240909
2.1430144,11.090934,10.021180,9.984734,10.132837,0.201410255765858,-0.184033168858928
2.1845664,11.130559,10.002095,10.040583,10.142545,-0.0453602687168893,-0.46803207670544
2.2247216,11.140466,9.973468,10.003350,10.132837,0.110673534012459,-0.502964894272202
2.2781488,11.110746,9.916215,10.031275,10.064880,-0.120606048576984,-0.853947932481984
2.3272608,11.130559,9.963926,10.049891,10.064880,0.126097571833763,-0.821542952569968
2.356952,11.100840,9.983011,10.003350,10.035756,0.479263367702958,-0.644654180559084
2.3881872,11.140466,10.040264,10.021967,10.074588,0.665514501057181,-0.528886658815952
2.4282176,11.219718,9.992553,10.031275,10.035756,0.985506967754369,-1.0123252665755
2.4592176,11.120653,9.944842,10.003350,10.035756,0.38503697094223,-0.806806127295777
2.4894848,11.110746,9.935299,10.068507,10.074588,-0.274879851371885,-0.872148471060369
2.5242736,11.130559,9.897130,10.059199,9.996923,0.0988794904170609,-1.23101287977791
2.5703088,11.130559,10.040264,10.068507,10.123129,0.10427614598879,-0.490113686175914
2.6017904,11.120653,9.954384,10.049891,10.152253,-0.442655347891641,-0.573986416836779
2.633024,11.041401,9.906673,10.012658,10.152253,-0.896890217620366,-0.395024073159966
2.6829552,11.081027,9.878046,10.040583,10.074588,-0.572845701421191,-0.880118794769972
2.7142928,11.090934,9.963926,10.040583,10.094004,-0.183866725626537,-0.607032934558448
2.7443664,11.160279,9.963926,10.096432,10.074588,-0.023704213201504,-0.998634983030636
2.7944656,11.130559,9.992553,10.049891,10.084296,0.168437134255144,-0.685083073894625
2.824416,11.120653,10.030722,10.077815,10.084296,0.163151580036807,-0.625330942050733
2.85424,11.150372,10.011638,9.975426,10.064880,0.873057084588445,-0.538856495498885
2.89552,11.090934,10.049807,10.012658,10.132837,0.197940152984311,-0.178603145141275
2.9456208,11.209811,9.983011,10.031275,10.084296,0.624940443313532,-0.874983344746502
2.9770032,11.180092,9.954384,10.012658,10.084296,0.426862940512742,-0.826536994093969
3.0280864,11.160279,9.925757,10.040583,10.113421,-0.128063216845367,-0.846918234253829
3.0607904,11.110746,9.973468,10.012658,10.084296,0.169277648147843,-0.58563461969432
3.093056,11.110746,9.887588,10.031275,10.084296,-0.372496093385404,-0.880207967059783
3.1416144,11.160279,9.944842,10.068507,10.132837,-0.284030600485421,-0.812565046070576
3.171968,11.189998,9.944842,10.096432,10.055172,0.134942336834436,-1.18771975880722
3.2133232,11.120653,9.916215,10.040583,10.132837,-0.484842040383377,-0.712305081918948
3.2628752,11.051308,9.935299,10.068507,10.074588,-0.580897738062145,-0.712077640704095
3.292952,11.090934,9.935299,10.068507,10.152253,-0.793184864804482,-0.598196150594619
3.3244192,11.130559,9.897130,10.049891,10.103712,-0.425721190571934,-0.901116176242801
3.3645136,11.110746,9.925757,10.049891,10.074588,-0.223905139928813,-0.849231049981437
3.395808,11.120653,10.049807,10.087124,10.132837,-0.049247035891181,-0.459153948446216
3.4267376,11.150372,9.944842,10.077815,10.064880,-0.0202584763829643,-1.00405513342593
3.4609552,11.090934,9.849419,10.012658,9.987215,-0.0475660669696083,-1.16357456718484
3.5085168,11.031495,9.858961,10.012658,9.958091,-0.148008644531521,-1.05919911115817
3.5479152,11.021588,9.830334,10.115048,10.123129,-1.78723336192597,-0.918255165298962
3.5778192,11.051308,9.792165,10.152281,10.161961,-2.23711443221594,-1.09647115590899
3.629096,11.061214,9.820792,10.152281,10.152253,-1.98547827369156,-1.06910413120534
3.660528,11.170185,9.897130,10.161589,10.191085,-1.28561213975506,-1.05830926993669
3.6917856,11.090934,9.973468,10.152281,10.181377,-1.19942160822703,-0.632767088870024
3.7429968,11.130559,9.963926,10.142973,10.191085,-1.04711044595555,-0.713531767644035
3.7719968,11.209811,10.116603,10.170897,10.220210,-0.167070996217121,-0.488287975206274
3.8031408,11.219718,10.049807,10.115048,10.229918,-0.210973608186577,-0.525882694315305
3.8604736,11.130559,10.030722,10.087124,10.161961,-0.251892779920615,-0.45742704502799
3.9040464,11.180092,10.068891,10.115048,10.259042,-0.470298841326893,-0.28471892767439
3.9342464,11.199905,10.126145,10.217438,10.268750,-0.67227472162415,-0.423346998279292
3.9753488,11.170185,10.126145,10.133664,10.210502,-0.0704483248665708,-0.283601445793773
4.0169216,11.199905,10.049807,10.180205,10.200794,-0.50327248561037,-0.728678099836304
4.047864,11.170185,10.078433,10.161589,10.249334,-0.66759035240808,-0.383102214271938
4.0884384,11.209811,10.059349,10.133664,10.210502,-0.208572217199489,-0.576873846262252
4.1217248,11.150372,10.030722,10.133664,10.132837,-0.243658190150891,-0.7175010967324
4.1490624,11.199905,10.011638,10.077815,10.181377,-0.0492155038558142,-0.617445754593493
4.1891136,11.209811,10.116603,10.115048,10.278458,-0.179803405745637,-0.176351520901984
4.2192032,11.189998,10.040264,10.152281,10.181377,-0.35072837432383,-0.709313272304871
4.2505552,11.249437,10.021180,10.115048,10.191085,0.00129180203995638,-0.794962181354385
4.2807952,11.170185,10.021180,10.133664,10.249334,-0.811403978264255,-0.46915408549587
4.33192,11.180092,10.059349,10.096432,10.278458,-0.523148455244499,-0.207228130948955
4.3618384,11.160279,10.030722,10.161589,10.288166,-1.16709399424966,-0.381528586517733
4.3945856,11.180092,10.011638,10.189513,10.278458,-1.25972894796,-0.589701222151349
4.4444272,11.219718,10.049807,10.152281,10.288166,-0.717589987980944,-0.461826289574787
4.4956976,11.170185,10.116603,10.152281,10.336707,-0.886459661870966,-0.0074713728945115
4.5255072,11.140466,10.164314,10.152281,10.297875,-0.589760917762553,0.0967268637802552
4.564008,11.170185,10.126145,10.198821,10.326999,-1.03231780379935,-0.132155466323014
4.601616,11.120653,10.183399,10.115048,10.307583,-0.447728474809439,0.329707090494375
4.6392432,11.209811,10.183399,10.105740,10.307583,0.0534570884918102,0.115853821910299
4.6883728,11.219718,10.135687,10.087124,10.200794,0.528772909999923,-0.292065618426824
4.7307472,11.289063,10.097518,10.105740,10.123129,1.0018753374116,-0.852115973492015
4.7844448,11.239531,10.135687,10.077815,10.142545,0.989892170578542,-0.483545641431015
4.8278224,11.289063,10.107060,10.096432,10.064880,1.41194304951394,-0.96468301026036
4.8578112,11.249437,10.059349,10.077815,9.996923,1.43497846058492,-1.13686506710541
4.9056416,11.328689,10.011638,10.059199,10.026048,1.53834629931715,-1.35132595155263
4.9391008,11.249437,10.040264,10.142973,10.045464,0.7271802956308,-1.22700078021579
4.9705568,11.189998,10.087976,10.115048,10.074588,0.661146278133639,-0.776507324450137
5.0005392,11.199905,10.049807,10.189513,10.171669,-0.398018182453916,-0.835443243471525
5.0528944,11.279157,10.068891,10.208130,10.239626,-0.357536932379581,-0.850817959220091
5.0844848,11.318783,10.078433,10.180205,10.181377,0.348277588393777,-1.0185783912844
5.1181584,11.298970,9.954384,10.189513,10.346415,-1.30419932608058,-0.875639098756424
5.1642768,11.338596,10.068891,10.282595,10.394956,-1.26595714161384,-0.770683838758933
5.1956832,11.298970,10.002095,10.329135,10.550285,-2.85682802397499,-0.543000412162799
5.2347088,11.180092,9.983011,10.357060,10.589118,-3.90570906119928,-0.24822145107008
5.2669952,11.209811,9.973468,10.412909,10.637658,-4.34068901904455,-0.366220512099944
5.2967152,11.130559,9.963926,10.422217,10.657075,-4.94300404784181,-0.154354399748213
5.3285696,11.338596,10.145229,10.533915,10.754156,-4.03014447216171,-0.229342798299012
5.3633696,11.378222,10.173856,10.505990,10.763864,-3.5941299063578,-0.155408985346168
5.4113136,11.308876,10.240652,10.403601,10.725031,-2.88585768426919,0.369528567014634
5.4407856,11.378222,10.441040,10.431525,10.812404,-2.12852272214599,0.89164555042782
5.483344,11.467380,10.336075,10.524607,10.734739,-2.28547278533914,-0.0742862631823691
5.5133488,11.497100,10.402871,10.533915,10.860945,-2.49514721202274,0.344212505472037
5.5428592,11.447567,10.326533,10.440833,10.783280,-2.25176974758751,0.300081279234309
5.5741008,11.378222,10.240652,10.375676,10.521161,-1.34422316730781,-0.295807920668544
5.6241904,11.378222,10.183399,10.375676,10.569702,-1.88230885465971,-0.319721028293644
5.654688,11.457474,10.259737,10.515298,10.657075,-2.27074847414114,-0.442401124108923
5.6844768,11.388128,10.154772,10.505990,10.589118,-2.7472826847961,-0.711003773754995
5.7320208,11.398035,10.231110,10.552531,10.589118,-2.55336551817762,-0.648439306423361
5.7860768,11.269250,10.173856,10.394293,10.530869,-2.37432762460174,-0.215553325333708
5.818472,11.417848,10.259737,10.478066,10.598826,-1.97921766390702,-0.401649375808739
5.8806848,11.536726,10.412413,10.487374,10.579410,-0.580092998172143,-0.371390496230633
5.9080768,11.635790,10.574632,10.403601,10.598826,1.03115651029149,0.0799076622627259
5.9422576,11.744762,10.755935,10.440833,10.627950,2.09428133336459,0.266648210092471
5.9908272,12.071676,11.108999,10.487374,10.608534,5.17292042471256,0.197656804308051
6.021864,11.962705,10.956323,10.412909,10.492037,4.92900139372689,-0.0477498320730949
6.0585888,11.665510,10.784562,10.133664,10.268750,5.32420221852778,0.380121406379709
6.1020336,11.863640,10.975408,10.291903,10.482329,5.22891590134548,0.540345738421238
6.1544384,11.824014,10.918154,10.273287,10.365831,5.47454174544639,0.22705066420435
6.18684,12.061769,11.070830,10.505990,10.608534,4.85338578590669,0.0754336084683049
6.225624,12.081582,11.042203,10.673537,10.627950,3.85969971556183,-0.419808024477457
6.2559488,12.170741,11.099457,10.636304,10.627950,4.73069901560299,-0.399344185202412
6.2956224,12.141021,10.860900,10.580455,10.375539,5.05552308560368,-1.48694995684731
6.3369984,12.012237,10.708224,10.375676,10.200794,5.69971158953323,-1.52957512239707
6.3718864,12.388684,10.975408,10.580455,10.326999,6.99262377841691,-1.92753558649785
6.4319728,12.458029,11.089915,10.701461,10.472621,6.47089778642543,-1.70643547122392
6.4794128,12.824569,11.509775,11.111020,11.045399,5.1212443634343,-1.0205860704148
6.5105904,12.656159,11.538402,11.092404,11.142480,4.11694980766261,-0.257187411660614
6.550336,12.636346,11.538402,11.064479,11.229853,3.73987537236204,0.0765073661590061
6.591608,12.576907,11.414352,11.166869,11.229853,2.4209534669387,-0.337901128685968
6.6242112,12.517468,11.328472,11.036555,11.113356,2.96211584730692,-0.39222889618099
6.6668432,12.596720,11.385725,11.408881,11.666718,-0.848871717210816,0.0552678954436741
6.7057344,12.874102,11.481148,11.883596,12.035626,-3.06551837024183,-0.566107352500268
6.7430976,12.913727,11.519317,11.939445,12.103583,-3.27913956632687,-0.528872617602158
6.7870768,12.864195,11.557486,11.939445,12.268620,-4.06998330320386,0.0727529665420215
6.8267136,12.963260,11.652909,11.967370,12.297745,-3.46614678360004,0.0788493542983013
6.855952,12.963260,11.729247,11.967370,12.394826,-3.56319090551097,0.489944394850088
6.9047744,13.250548,11.986889,12.218690,12.754026,-3.87955580963582,0.710703530304789
6.947008,13.250548,12.120481,12.525858,13.210307,-6.56779168378165,1.37032946875372
6.97844,13.260455,12.177734,12.777178,13.346220,-7.8981042611439,1.22861359327181
7.0083712,13.428865,12.320869,12.981958,13.559799,-8.30017818853436,1.20854487625947
7.0795584,13.438771,12.387664,13.102964,13.860750,-9.68514255389831,1.7309058847579
7.1105408,13.121764,12.292242,12.916801,13.821917,-10.5202422904299,2.52957166897072
7.1605376,13.359519,12.521256,13.075039,14.035496,-10.0452771447802,2.62720442574705
7.192264,13.656714,12.931574,13.391516,14.355863,-9.63939198320539,2.86620339780813
7.2216704,13.557649,12.922032,13.177429,14.054912,-8.05478969264563,2.87767350726979
7.2630304,13.666621,12.788440,12.944725,13.831626,-6.32773680739073,2.38300453585499
7.2931968,13.795405,12.941117,13.000574,13.812209,-5.32933004449974,2.27352670239941
7.3243776,13.934096,12.950659,13.121580,13.686004,-4.70983277967472,1.47467829875515
7.3767984,13.815218,12.626221,12.963341,13.355928,-4.51968838970052,0.643528628343648
7.4260336,14.112413,12.778898,13.168121,13.326804,-3.41351910377359,-0.144383854586786
7.457072,14.241197,12.769356,13.223969,13.326804,-3.16253260049415,-0.549466362174964
7.509368,14.439327,12.883863,13.354284,13.181182,-1.8545267785923,-1.29443983311855
7.5478912,13.983628,12.588052,12.888876,12.948188,-1.98630971361352,-0.542325010272106
7.5803664,14.132226,12.836151,12.926109,13.142350,-1.34747494950694,0.0432835603174238
7.621816,14.082693,12.750271,12.898184,13.025853,-1.29102018057947,-0.238963157446997
7.6717792,14.013348,12.626221,12.888876,13.006436,-1.95386922272539,-0.390611684867558
7.7219584,13.953909,12.683475,12.991266,13.113226,-2.83353456783725,-0.11806241582116
7.763344,13.983628,12.759813,13.084347,13.268555,-3.42858353887202,0.132251741600388
7.79196,13.864750,12.740729,13.047115,13.287972,-3.91523404696084,0.462559721157516
7.8306432,13.874657,12.693017,13.028498,13.326804,-4.15222191377693,0.461563315823136
7.8832256,13.884563,12.769356,13.000574,13.278263,-3.48688437396375,0.56058689185413
7.914448,13.914283,12.607137,13.056423,13.200599,-3.93642758886408,-0.147654252214819
7.946928,13.973722,12.702560,13.009882,13.249139,-3.31445183999558,0.142047616970033
7.9982144,14.072787,12.673933,13.047115,13.161766,-2.82214147004733,-0.40023274683526
8.0308464,14.062880,12.731186,12.954033,13.132642,-2.12485884345899,-0.121484353378546
8.0693808,14.033161,12.731186,12.879568,13.054977,-1.61197231822765,-0.0726937181623644
8.1105952,13.993535,12.683475,12.795795,12.957896,-1.20837827974244,-0.131674632979758
8.1392896,13.993535,12.616679,12.758562,12.734609,-0.3794689126791,-0.700579275661786
8.1797696,13.973722,12.635764,12.833027,12.967604,-1.67972254343334,-0.253208162926229
8.2405056,13.993535,12.759813,12.926109,13.016145,-1.68861897361931,-0.109883603045255
8.2745024,14.033161,12.883863,12.879568,13.161766,-1.4410821339895,0.497780976574058
8.3121248,13.825124,12.817067,12.684097,13.122934,-1.57362539562866,1.12711119349369
8.3707536,13.874657,12.845694,12.684097,12.987020,-0.685201035707196,0.784520419234186
8.4033008,13.993535,12.788440,12.721329,12.899647,-0.224401810662656,0.130628144321286
8.446912,14.102506,12.817067,12.935417,12.938480,-0.732803533401073,-0.404779832674935
8.4809136,14.092600,12.664391,12.833027,12.938480,-0.959263315933151,-0.506383608442838
8.5208272,13.983628,12.769356,12.777178,12.889939,-0.536272634851613,-0.0311702722804346
8.5665152,13.904376,12.712102,12.693405,12.870523,-0.653902067653221,0.146488794611052
8.5982208,13.894470,12.750271,12.591015,12.792858,0.225682056425453,0.299531341154184
8.6290864,14.033161,12.788440,12.674789,12.899647,0.132271292644024,0.14537811168399
8.6857888,13.973722,12.845694,12.628248,12.812274,0.691410126360183,0.305081424125818
8.7193808,14.052974,12.902947,12.823719,13.006436,-0.403720791478358,0.275271060543817
8.7534192,14.003441,12.759813,12.665481,12.851107,0.141664038525688,0.0572798597994644
8.7995568,14.092600,12.826609,12.944725,13.035561,-1.17830446596147,-0.168163822595378
8.8308464,14.072787,12.836151,12.749254,13.006436,-0.280095844371385,0.244166735482818
8.86052,13.894470,12.826609,12.739946,13.132642,-1.52821798903755,0.900869163115181
8.8929728,13.864750,12.864778,12.712021,13.122934,-1.33647779923576,1.08679797071963
8.9317584,13.716153,12.788440,12.618940,13.200599,-2.18647305284693,1.61037215225439
8.972016,13.607182,12.759813,12.693405,13.258847,-3.30477489583737,1.75003222940878
9.0020576,13.617088,12.693017,12.693405,13.229723,-3.41703160330998,1.51805181196837
9.0597104,13.418958,12.530799,12.535167,13.093809,-3.67453570368228,1.636027272335
9.0930464,13.617088,12.578510,12.674789,13.064685,-3.11957320027667,0.940441831794536
9.123264,13.428865,12.464003,12.553783,12.899647,-3.16812963888847,0.990019610093158
9.1745744,13.448678,12.359038,12.376928,12.754026,-2.14462417797427,0.769669974814854
9.2068272,13.409052,12.387664,12.442085,12.812274,-2.72094825005742,0.910166739810002
9.2367456,13.547743,12.483087,12.553783,12.909355,-2.63421382324693,0.794525482213372
9.277976,13.666621,12.654848,12.693405,13.093809,-2.80129526132092,1.02681852329913
9.3103872,13.448678,12.549883,12.516550,13.006436,-3.02258046004666,1.45955182123268
9.3481312,13.280268,12.454460,12.321079,12.977312,-3.16991350106333,1.98552778790427
9.389416,13.339706,12.626221,12.358312,13.084101,-2.81628412414105,2.39161556989109
9.4209056,13.181203,12.521256,12.181457,13.025853,-2.91532012688377,2.77735937499541
9.4509184,13.389239,12.673933,12.321079,13.064685,-2.17043491115669,2.42703629264305
9.4834128,13.042512,12.454460,11.967370,12.821982,-1.97445358656342,2.96862959000948
9.5217168,12.992979,12.435376,11.911521,12.724901,-1.59636921572761,2.94674736916122
9.5529312,12.844382,12.320869,11.762590,12.569572,-1.37710186868612,3.01719911538711
9.585312,12.973166,12.473545,11.771898,12.763734,-1.07463703699921,3.48697410651611
9.6442336,12.824569,12.234988,11.669509,12.414242,-0.722105059989436,2.72424343654072
9.6756032,12.160834,11.805586,11.055171,11.938545,-0.53655173691357,3.6464012285386
9.7070384,11.833920,11.710163,10.599072,11.627885,1.20908821445276,4.61851506189607
9.7508432,11.774481,11.681536,10.431525,11.715258,1.19460479328865,5.34111673965222
9.780856,11.715042,11.481148,10.505990,11.540512,0.48060170532356,4.38170710319993
9.81044,11.407941,10.956323,10.394293,11.191020,-1.18381232662816,3.25950367670173
9.850576,11.526819,10.851358,10.468758,11.103647,-1.05178213429958,2.25909507244048
9.8917104,11.625884,10.526921,10.487374,10.695907,-0.177422770143592,0.0219616914298881
9.9394912,11.744762,10.460125,10.599072,10.657075,-0.29487976358251,-0.853180526250819
9.9831952,11.229624,9.801707,10.077815,10.045464,-0.244056981026981,-1.68067532725742
10.0130912,11.338596,9.858961,10.338444,10.171669,-1.45255582874485,-2.13581676256657
10.0431168,10.942336,9.544066,10.031275,9.909550,-2.09927333722276,-1.92187519387161
10.0779856,11.090934,9.925757,10.096432,10.045464,-0.419457722642038,-1.00411584032821
10.1258672,11.081027,9.897130,9.900961,9.880426,1.33581045786856,-1.0043336133692
10.1585248,11.140466,10.087976,9.835804,10.132837,1.59953792639634,0.27383951211101
10.192008,10.991869,10.087976,9.770647,9.967799,2.09376914016394,0.390498618185244
10.2681792,10.773926,9.944842,9.584484,9.802761,2.16681335021892,0.628132086783097
10.2991504,10.546077,9.563151,9.500710,9.744512,-0.26787013284778,0.223272800974399
10.339312,10.476731,9.439101,9.491402,9.695972,-0.987800542122704,-0.0643428814828799
10.3719808,10.209256,9.276882,9.454170,9.637723,-2.80849754658134,0.151529517973313
10.4008448,10.357853,9.219629,9.537943,9.628015,-2.72139077749179,-0.71978909969488
10.4358656,10.248882,9.171917,9.463478,9.521226,-2.56264071971606,-0.661035391233243
10.4719936,10.347947,9.238713,9.435553,9.346480,-0.480800324827316,-1.19604636345229
10.5033632,10.367760,9.009698,9.277315,9.094069,0.749109236029957,-2.2903551553868
10.5330944,10.357853,9.047868,9.202850,8.996988,1.92141953369205,-2.2309100432164
10.5740672,10.377666,9.076494,9.081844,8.996988,2.91224875052161,-1.84548924965416
10.615552,10.407386,9.133748,9.184233,8.996988,2.78394459910389,-2.0505755021251
10.6454224,10.367760,9.191002,9.156309,9.103777,2.41346966336099,-1.34120343691099
10.6943232,10.318227,9.238713,9.165617,9.094069,2.40577050068918,-1.10560036780964
10.7281408,10.298414,9.210086,9.165617,9.200858,1.50701288953069,-0.805358453952849
10.758144,10.288508,9.171917,9.202850,9.336772,0.225147159691701,-0.583671372944025
10.7984032,10.377666,9.133748,9.286623,9.385313,-0.261148736134244,-1.05485833816021
10.8385072,10.387573,9.143290,9.407629,9.511518,-1.57661927840377,-1.01680944786079
10.88072,10.308321,9.133748,9.407629,9.511518,-2.0697762367558,-0.817476014724116
10.9294592,10.347947,9.181459,9.463478,9.530934,-2.01438809491741,-0.887931558812216
10.9604016,10.308321,9.257798,9.454170,9.657140,-2.47517091055017,-0.133795645273119
10.9893296,10.486638,9.315051,9.491402,9.666848,-1.44541781784814,-0.550460593237318
11.0205536,10.447012,9.305509,9.547251,9.695972,-2.19343909031863,-0.537964285875104
11.0619984,10.516357,9.391390,9.565867,9.695972,-1.45091318712358,-0.53114059019134
11.091992,10.516357,9.353220,9.407629,9.628015,-0.380325071403403,-0.398115158968985
11.1231968,10.486638,9.372305,9.435553,9.589183,-0.37623354557646,-0.452280203321504
11.1631264,10.585703,9.372305,9.435553,9.579475,0.217364354029856,-0.763994141316495
11.1943488,10.585703,9.439101,9.528635,9.579475,0.0505401613970813,-0.827787078093555
11.2442224,10.595609,9.420016,9.547251,9.589183,-0.159318168227029,-0.936578163761785
11.2991072,10.595609,9.334136,9.500710,9.560058,-0.195897757637962,-1.15042893156926
11.3356208,10.536170,9.448643,9.491402,9.511518,0.431478062121621,-0.756776684285578
11.3683696,10.555983,9.524981,9.510018,9.579475,0.458982674336892,-0.43411028559667
11.4084032,10.655048,9.515439,9.537943,9.637723,0.452943008615732,-0.648428171464564
11.4483632,10.595609,9.534524,9.500710,9.598891,0.666266586282438,-0.433831949155161
11.4770576,10.546077,9.429559,9.519327,9.598891,-0.272662143815808,-0.659488698771544
11.521984,10.585703,9.410474,9.528635,9.657140,-0.54312218008999,-0.681115716322829
11.559024,10.526264,9.315051,9.565867,9.598891,-1.26583076011666,-1.07907025818073
11.591736,10.456918,9.305509,9.537943,9.540642,-1.2092637980513,-1.00718156448095
11.6305792,10.486638,9.295967,9.547251,9.550350,-1.2066417132371,-1.1177288774498
11.6620384,10.516357,9.334136,9.565867,9.560058,-0.996292682712412,-1.11047462661464
11.7019104,10.417292,9.238713,9.547251,9.511518,-1.68114958505846,-1.21134890516059
11.7392992,10.437105,9.238713,9.510018,9.618307,-1.96637614399217,-0.838209397907926
11.7728528,10.476731,9.257798,9.603100,9.579475,-1.95042284334949,-1.27550165303515
11.80404,10.516357,9.353220,9.575175,9.540642,-0.835102206919569,-1.13786300176045
11.8452944,10.516357,9.295967,9.584484,9.598891,-1.52914261841871,-1.16124038583439
11.885352,10.496544,9.267340,9.491402,9.501810,-0.715971789227774,-1.22063446273309
11.9154928,10.516357,9.248255,9.510018,9.511518,-0.873234186414559,-1.35845940595796
11.9467888,10.486638,9.353220,9.547251,9.530934,-0.78383776839543,-1.00350882009461
11.988056,10.506451,9.295967,9.575175,9.540642,-1.20148692635569,-1.28259683606113
12.0294272,10.466825,9.305509,9.603100,9.569767,-1.68850888585045,-1.13263473099084
12.0592992,10.565890,9.295967,9.547251,9.501810,-0.498616243759495,-1.48938293118044
12.0894496,10.635235,9.372305,9.565867,9.511518,0.131328478804572,-1.47781269625684
12.137016,10.585703,9.429559,9.537943,9.521226,0.27642476223248,-1.05750194485368
12.1831424,10.605516,9.467728,9.519327,9.540642,0.584821262975779,-0.888094766908583
12.2220448,10.694674,9.420016,9.500710,9.521226,1.02400516348276,-1.28882528491107
12.2534336,10.625329,9.439101,9.593792,9.511518,0.280268306636619,-1.32752941080361
12.2834144,10.664954,9.448643,9.528635,9.511518,0.914592767944336,-1.22691748352331
12.3168304,10.615422,9.448643,9.510018,9.530934,0.643330905929602,-0.976121170660991
12.355688,10.585703,9.429559,9.547251,9.530934,0.168535669392423,-1.05467114394216
12.38572,10.585703,9.381847,9.565867,9.618307,-0.689118120000322,-0.98830332732563
12.4168752,10.555983,9.420016,9.528635,9.618307,-0.433133078465763,-0.684458221664306
12.4570832,10.585703,9.400932,9.510018,9.608599,-0.215365677747348,-0.802142064205788
12.4984528,10.476731,9.467728,9.603100,9.598891,-0.914772663074593,-0.586288180898416
12.530824,10.555983,9.429559,9.593792,9.637723,-0.858356103489592,-0.782367043226572
12.5790608,10.536170,9.353220,9.547251,9.657140,-1.2274971675951,-0.764786127661856
12.6103552,10.456918,9.305509,9.537943,9.676556,-1.97749625208872,-0.597904217801191
12.645632,10.427199,9.334136,9.575175,9.647431,-2.02914183820251,-0.620796419871589
12.6882592,10.496544,9.248255,9.565867,9.579475,-1.6838449608447,-1.25493398022114
12.7206304,10.437105,9.286425,9.640333,9.628015,-2.49363321616052,-1.0359110369065
12.7618512,10.516357,9.324594,9.612408,9.647431,-1.80340626245923,-1.00819484340048
12.804696,10.466825,9.315051,9.649641,9.637723,-2.28069254195439,-1.03119924551687
12.8547184,10.555983,9.372305,9.575175,9.676556,-1.28250178657401,-0.78477410298235
12.8846896,10.546077,9.343678,9.621716,9.686264,-1.80769969979673,-0.944917311772602
12.9182432,10.605516,9.391390,9.593792,9.705680,-1.17855496827895,-0.833295687243068
12.9670288,10.526264,9.381847,9.640333,9.676556,-1.75778585347427,-0.856422724224396
12.9973024,10.546077,9.305509,9.575175,9.637723,-1.48132502668779,-1.07342824525262
13.0281584,10.476731,9.295967,9.593792,9.589183,-1.74355717728876,-1.10455052385597
13.0770736,10.526264,9.324594,9.631024,9.676556,-2.01732118109001,-1.001478757379
13.1094832,10.506451,9.276882,9.649641,9.608599,-2.10916664574244,-1.34580633501492
13.1421376,10.526264,9.276882,9.603100,9.569767,-1.51999141153734,-1.38745167254011
13.1894128,10.496544,9.305509,9.556559,9.560058,-1.20800560730467,-1.11418269729818
13.2195568,10.536170,9.324594,9.640333,9.589183,-1.52485824923863,-1.31819162467289
13.2532672,10.546077,9.343678,9.593792,9.530934,-0.775688620769828,-1.33273828844914
13.3008912,10.585703,9.381847,9.584484,9.598891,-0.684606159037083,-1.09911521893646
13.3307344,10.526264,9.362763,9.621716,9.589183,-1.26614778097232,-1.12283579153959
13.3617616,10.526264,9.334136,9.593792,9.530934,-0.935513432555217,-1.30548862516011
13.403096,10.585703,9.372305,9.612408,9.530934,-0.510288229849603,-1.41086850955594
13.4584224,10.516357,9.353220,9.575175,9.589183,-1.10953550630478,-0.991743497581156
13.4968656,10.585703,9.420016,9.631024,9.589183,-0.685521131391396,-1.1450370390562
13.5442656,10.546077,9.448643,9.593792,9.589183,-0.535214856771912,-0.842414067098705
13.5755072,10.555983,9.439101,9.565867,9.550350,-0.156052375394106,-0.936340211500752
13.6068576,10.575796,9.477270,9.547251,9.540642,0.317647600089166,-0.854430555822769
13.6456112,10.546077,9.448643,9.547251,9.598891,-0.327261121157188,-0.681603715619443
13.6859152,10.605516,9.429559,9.528635,9.618307,-0.113633183115547,-0.796212880215473
13.7168064,10.555983,9.410474,9.612408,9.550350,-0.574178039589057,-1.15382412926955
13.7708128,10.516357,9.362763,9.547251,9.560058,-0.734974897888007,-0.971439040422601
13.8183184,10.555983,9.257798,9.612408,9.579475,-1.56917323404205,-1.52606790913596
13.8487248,10.526264,9.248255,9.593792,9.521226,-1.34952697505217,-1.59471534104142
13.8996992,10.575796,9.305509,9.575175,9.598891,-1.10048772648555,-1.27432875896591
13.9307632,10.516357,9.286425,9.612408,9.608599,-1.79337727875993,-1.23979369459249
13.9620496,10.466825,9.219629,9.603100,9.540642,-1.99508622249277,-1.48062979607422
14.0233504,10.486638,9.267340,9.593792,9.550350,-1.62676765283301,-1.33642134348447
14.0532976,10.565890,9.305509,9.556559,9.550350,-0.774746880074307,-1.34006867412576
14.1107152,10.546077,9.334136,9.658949,9.550350,-1.30510279835215,-1.48686859996284
14.154272,10.466825,9.200544,9.612408,9.511518,-1.98796849068561,-1.65351684148184
14.1846896,10.526264,9.343678,9.612408,9.540642,-1.04368131116736,-1.3000751534
14.2185616,10.506451,9.257798,9.575175,9.579475,-1.62990002804016,-1.28059170003474
14.2559744,10.555983,9.429559,9.565867,9.579475,-0.372418154848596,-0.877640107851232
14.2934544,10.536170,9.334136,9.649641,9.608599,-1.63441272229019,-1.25733945701941
14.329624,10.565890,9.391390,9.631024,9.628015,-1.16625943663242,-1.0586341862777
14.3682528,10.555983,9.362763,9.584484,9.492102,-0.345373227042384,-1.39403449092711
14.3983488,10.575796,9.381847,9.593792,9.511518,-0.297084092699135,-1.36015515530193
14.429184,10.605516,9.400932,9.537943,9.492102,0.394216884095829,-1.28734147098378
14.4707824,10.704580,9.429559,9.593792,9.501810,0.710448480510038,-1.60812633233006
14.4992816,10.664954,9.496355,9.528635,9.462977,1.44695309834545,-1.22940774318249
14.5306752,10.704580,9.448643,9.565867,9.501810,0.971230695442698,-1.47238468596743
14.5630576,10.714487,9.458185,9.584484,9.511518,0.915006655514831,-1.49463554431493
14.6117696,10.585703,9.505897,9.584484,9.530934,0.369443254174454,-0.931062157075508
14.6428384,10.635235,9.486812,9.556559,9.618307,0.197337678526489,-0.788104095731612
14.6744912,10.625329,9.486812,9.575175,9.608599,0.093811186168395,-0.841615746174241
14.7156512,10.605516,9.467728,9.631024,9.598891,-0.375561840411044,-1.02906214666201
14.7847744,10.684767,9.486812,9.621716,9.647431,-0.0673280545849222,-1.02392795730873
14.8370544,10.645142,9.515439,9.658949,9.715388,-0.715397972240449,-0.730452897247942
14.8747376,10.684767,9.591777,9.603100,9.647431,0.598737315681765,-0.660105330371898
14.9070752,10.674861,9.563151,9.640333,9.715388,-0.19660436846249,-0.620451784959538
14.9721296,10.744206,9.534524,9.640333,9.725096,-0.0333901231290756,-0.870465916107344
15.0083728,10.575796,9.381847,9.640333,9.695972,-1.5975787537395,-0.938144818339451
